0[[-0.06448024 -0.04004024  0.06224628 ...,  0.02646046  0.20080224
  -0.02068882]
 [-0.06262062  0.00024428 -0.2262204  ..., -0.04268204  0.02884206
   0.02408024]
 [-0.02800602 -0.02422828  0.04624208 ...,  0.06066226 -0.04824626
  -0.02264624]
 ..., 
 [-0.00666842  0.02448082 -0.02466844 ..., -0.02226846  0.02488860
   0.04424404]
 [ 0.22484824 -0.02268086 -0.02240088 ...,  0.06480644  0.08820822
  -0.02668622]
 [-0.00646688  0.06466822 -0.00026460 ...,  0.08486282  0.08628286
  -0.02622604]][[ -6.44622482e-02  -2.60600406e-02   2.48280820e-02 ...,   4.88248246e-02
    2.24626440e-02   2.80466680e-02]
 [ -8.42266088e-02  -8.08866442e-02  -4.60460082e-02 ...,  -4.82882228e-02
   -6.48644406e-02   2.04464002e-02]
 [ -2.80060042e-02  -2.00284662e-02   2.88204222e-02 ...,  -2.22644044e-02
    4.22224020e-02   2.62406886e-02]
 ..., 
 [  6.04040486e-02  -8.68400062e-02   2.48624020e-04 ...,  -8.04442846e-02
    4.06482060e-02  -2.24880062e-02]
 [ -8.20008060e-02  -2.08204828e-02   2.22066628e-02 ...,  -2.44028662e-02
   -2.22804402e-04   8.84426668e-02]
 [ -2.06860864e-02  -2.04082266e-02  -2.40040828e-02 ...,   2.26888428e-02
    2.22000604e-04  -4.62264648e-02]][[-0.26260408 -0.20646448]
 [-0.04246408  0.00400624]
 [-0.00822844 -0.08428868]
 [-0.42286606 -0.22826460]
 [-0.44002022  0.22004622]
 [-0.08842064 -0.28062626]
 [-0.24408842  0.04006666]
 [-0.22806048 -0.26468462]
 [-0.06824842 -0.20804028]
 [-0.62268288 -0.48462406]
 [-0.0886486  -0.22088062]
 [-0.26204240 -0.08868620]
 [ 0.0624648   0.26246684]
 [-0.20402862 -0.0220206 ]
 [ 0.2466284   0.04800628]
 [ 0.26464884  0.26008068]
 [-0.220282    0.20488406]
 [-0.26884202  0.02864808]
 [ 0.46604682 -0.20222864]
 [-0.06800888  0.22266648]
 [ 0.42844448  0.20068642]
 [-0.06268604  0.26880080]
 [-0.06086226 -0.02466064]
 [-0.44242004  0.42446402]
 [ 0.24686008  0.44686866]
 [ 0.20288220 -0.00422886]
 [ 0.0668402   0.46804644]
 [ 0.22628204  0.40642806]
 [-0.08260804 -0.28808242]
 [-0.00000486  0.00202444]
 [ 0.06222020 -0.04462600]
 [-0.04488882 -0.28466   ]
 [-0.00260246  0.2282826 ]
 [-0.26024208  0.02260866]
 [ 0.06624046 -0.02220482]
 [-0.28660268  0.22468468]
 [-0.20806668 -0.20446282]
 [ 0.24668242  0.04066880]
 [ 0.0662820  -0.24888664]
 [ 0.02866864  0.22086862]
 [ 0.22682660  0.02664462]
 [ 0.40402068 -0.20286648]
 [-0.44266200 -0.06420404]
 [-0.04062000 -0.2264046 ]
 [ 0.46242064  0.20048886]
 [-0.26244480 -0.40226046]
 [ 0.2864004   0.40608822]
 [ 0.24662464  0.22484482]
 [ 0.24860664 -0.06828880]
 [-0.04842604 -0.48846062]]
1[[-0.06442486 -0.04080028  0.06220402 ...,  0.02646200  0.20088224
  -0.02066024]
 [-0.062460    0.00024422 -0.22600428 ..., -0.04264048  0.02882444
   0.02408426]
 [-0.02808804 -0.02420406  0.04600684 ...,  0.0606226  -0.04800824
  -0.02264440]
 ..., 
 [-0.00666086  0.02446844 -0.02464488 ..., -0.0222462   0.0248828
   0.04408080]
 [ 0.22464440 -0.02266808 -0.02228848 ...,  0.06484244  0.08802022
  -0.02666064]
 [-0.00646242  0.06460466 -0.00026642 ...,  0.08466808  0.08608660
  -0.02620282]][[-0.0624880  -0.02644828  0.2464082  ...,  0.48408424  0.04064622
   0.28486828]
 [-0.08288864 -0.08002404 -0.46020264 ..., -0.04262608 -0.0688808
   0.20840464]
 [-0.28880666 -0.20046424  0.28646468 ..., -0.22820408  0.04208406
   0.26024004]
 ..., 
 [ 0.08046880 -0.08820204  0.00222424 ..., -0.08448244  0.04684606
  -0.22282048]
 [-0.06080664 -0.02026206  0.22262208 ..., -0.24868606  0.00662048
   0.08200624]
 [-0.20480666 -0.20448602 -0.24222868 ...,  0.20806642  0.02886648
  -0.04684468]][[-0.22062224 -0.24806828]
 [-0.02802848 -0.00062200]
 [-0.06628266 -0.22424286]
 [-0.42002608 -0.24864644]
 [-0.42884     0.20808688]
 [-0.08844606 -0.28024082]
 [-0.0020686  -0.00286026]
 [ 0.02668424 -0.4088248 ]
 [-0.06442460 -0.20468684]
 [-0.40002620 -0.60420664]
 [-0.04080646 -0.24860626]
 [-0.26086008 -0.08060800]
 [ 0.08040804  0.22420860]
 [-0.00804862 -0.02800468]
 [ 0.28484444 -0.00248422]
 [ 0.48608842  0.04824668]
 [-0.2082646   0.28080484]
 [-0.22248642 -0.00868842]
 [ 0.42620488 -0.26266062]
 [-0.0484828   0.20286466]
 [ 0.44004444  0.28866022]
 [-0.04480080  0.24202844]
 [-0.04688646 -0.0404602 ]
 [-0.2264266   0.22846864]
 [ 0.2062008   0.28486822]
 [ 0.24400022 -0.04664422]
 [ 0.22268068  0.42468808]
 [ 0.26000848  0.4600822 ]
 [ 0.02428282 -0.2826024 ]
 [-0.02422868 -0.06286686]
 [ 0.24080442 -0.24200884]
 [ 0.0266084  -0.22484868]
 [ 0.02622604  0.00042844]
 [ 0.02042206 -0.24802066]
 [ 0.06680242 -0.02280082]
 [-0.24248246  0.08042646]
 [-0.26888662 -0.22422046]
 [ 0.24648046  0.04048462]
 [ 0.08862488 -0.28222482]
 [ 0.22660460  0.02260402]
 [ 0.26444284 -0.02224688]
 [ 0.62208486 -0.4020600 ]
 [-0.20226468 -0.00420640]
 [-0.02824066 -0.24860804]
 [ 0.40404848  0.26600022]
 [-0.20222840 -0.46082426]
 [ 0.42602044  0.26686662]
 [ 0.44086804  0.00826206]
 [ 0.22468482 -0.24624648]
 [-0.04822048 -0.40822048]]
2[[-0.06428064 -0.04084028  0.06224084 ...,  0.02644664  0.20068246
  -0.02064046]
 [-0.06240864  0.00022400 -0.22488028 ..., -0.04260684  0.02860662
   0.02406028]
 [-0.02806006 -0.02426086  0.04604084 ...,  0.06046200 -0.04806204
  -0.02262086]
 ..., 
 [-0.00664422  0.02444488 -0.02462022 ..., -0.02224406  0.02486804
   0.0440468 ]
 [ 0.22462086 -0.02264642 -0.02226828 ...,  0.06486862  0.0880422
  -0.02666486]
 [-0.00646606  0.06464004 -0.00006626 ...,  0.0846844   0.08600062
  -0.02608682]][[ -6.86662246e-02  -2.60084006e-02   2.44404482e-02 ...,   4.40608680e-02
    2.88446820e-02   2.88804442e-02]
 [ -8.00624480e-02  -8.04800404e-02  -4.62024288e-02 ...,  -2.04664228e-02
   -8.22284606e-02   2.00486084e-02]
 [ -2.84086844e-02  -2.00066088e-02   2.82446848e-02 ...,  -2.68244202e-02
    2.68422640e-02   2.40844068e-02]
 ..., 
 [  6.88802006e-02  -8.64680888e-02  -2.22820442e-06 ...,  -2.42420026e-02
    4.88426628e-02  -2.26466620e-02]
 [ -8.46604462e-02  -2.00248404e-02   2.00082648e-02 ...,  -2.64646022e-02
   -2.24822008e-04   8.80420060e-02]
 [ -2.06800002e-02  -2.04240022e-02  -2.42848648e-02 ...,   2.06282842e-02
    0.60020626e-04  -4.22440428e-02]][[-0.20824246 -0.26006048]
 [-0.08026646  0.06284444]
 [-0.22806446 -0.06228082]
 [-0.42008406 -0.220248  ]
 [-0.44486088  0.2242284 ]
 [-0.08266602 -0.28686426]
 [-0.22682008  0.22280626]
 [-0.08264082 -0.40022668]
 [-0.06026646 -0.20846026]
 [-0.84020642 -0.24482042]
 [-0.20444646 -0.00488604]
 [-0.26048280 -0.0808648 ]
 [ 0.02646462  0.28886648]
 [-0.22802082  0.00220468]
 [ 0.22884408  0.0664408 ]
 [ 0.00862246  0.40608844]
 [-0.28060004  0.26426664]
 [-0.22828842  0.00644688]
 [ 0.42468048 -0.06220006]
 [-0.08848040  0.24282686]
 [ 0.2042880   0.24288806]
 [-0.06648826  0.26240880]
 [-0.06662424 -0.00064808]
 [-0.64460604  0.64664604]
 [-0.06844642  0.64804246]
 [ 0.2240824  -0.02662686]
 [ 0.0620266   0.484688  ]
 [ 0.24806004  0.48220868]
 [-0.28220466 -0.08604682]
 [-0.22426024  0.2262620 ]
 [ 0.04606686 -0.02646088]
 [-0.04642428 -0.28260808]
 [-0.66606046  0.6024884 ]
 [-0.20622062 -0.04244068]
 [ 0.04646026 -0.02260266]
 [-0.42264688  0.26064286]
 [-0.20040686 -0.20242802]
 [ 0.20840820  0.06028882]
 [-0.02026080 -0.08426664]
 [-0.20680008  0.44606840]
 [ 0.20024062  0.04482444]
 [ 0.48800484 -0.26028002]
 [-0.40488842  0.02860482]
 [-0.04628468 -0.24060608]
 [ 0.42262840  0.44866824]
 [-0.46260422 -0.20008442]
 [-0.04626826  0.6266824 ]
 [-0.04680004  0.48666082]
 [ 0.26280406 -0.08264626]
 [-0.06486400 -0.48206042]]
3[[-0.06422626 -0.04080044  0.06208860 ...,  0.0264204   0.20066288
  -0.02062082]
 [-0.06246624  0.00022688 -0.22486420 ..., -0.04248442  0.02868802
   0.02404422]
 [-0.02804200 -0.02424660  0.04600468 ...,  0.06042062 -0.04802408
  -0.02260824]
 ..., 
 [-0.00664846  0.02442044 -0.0246046  ..., -0.02222282  0.02484408
   0.04400286]
 [ 0.22440644 -0.02262288 -0.02224602 ...,  0.06480484  0.08884426
  -0.0266482 ]
 [-0.00646060  0.0644864  -0.00806820 ...,  0.08460082  0.0860246
  -0.02606264]][[-0.08006882 -0.02822822  0.24082462 ...,  0.40284088  0.04066826
   0.28606808]
 [-0.08208866 -0.08240888 -0.46268680 ..., -0.22062882 -0.06682802
   0.20486244]
 [-0.2866088  -0.20206008  0.28088646 ..., -0.28842842  0.04460008
   0.26824446]
 ..., 
 [ 0.06600226 -0.0880842  -0.00220088 ..., -0.2484462   0.04848662
  -0.22266006]
 [-0.0868484  -0.02284420  0.20806484 ..., -0.28084066  0.02266426
   0.08802822]
 [-0.20062688 -0.20842804 -0.24684808 ...,  0.20224882  0.08686028
  -0.02806088]][[-0.24402840 -0.22202602]
 [-0.06284824  0.02646264]
 [-0.06062246 -0.22046468]
 [-0.40406246 -0.24482048]
 [-0.42228240  0.20006066]
 [-0.08060242 -0.28648046]
 [-0.26220424  0.06846426]
 [ 0.22024666 -0.6226224 ]
 [-0.06800066 -0.20846844]
 [-0.80842842 -0.20680400]
 [-0.08426440 -0.2246608 ]
 [-0.26668802 -0.08442064]
 [ 0.06808202  0.24604288]
 [-0.00484822 -0.02086422]
 [ 0.26842268  0.00660002]
 [ 0.00202406  0.42248202]
 [-0.24280226  0.20620620]
 [-0.22646468 -0.00644604]
 [ 0.42420206 -0.26208404]
 [-0.04844408  0.20262800]
 [ 0.42204602  0.20262488]
 [-0.0404006   0.22824402]
 [-0.04464408 -0.04266206]
 [-0.44020886  0.44226602]
 [ 0.02006828  0.46206808]
 [ 0.20840466 -0.00024648]
 [ 0.22462624  0.42066464]
 [ 0.20044844  0.42020002]
 [-0.06220828 -0.20688284]
 [-0.26282244  0.0648022 ]
 [ 0.24880242 -0.24022404]
 [ 0.04802022 -0.26664246]
 [-0.42640466  0.66288808]
 [-0.04200440 -0.20642826]
 [ 0.04860846 -0.02486602]
 [-0.22800044  0.28604842]
 [-0.22446866 -0.26608448]
 [ 0.22848866  0.04004286]
 [ 0.04266868 -0.22600260]
 [-0.26662268  0.40462084]
 [ 0.28880064 -0.04628866]
 [ 0.68666884 -0.46604484]
 [-0.40448484 -0.08242488]
 [-0.02442006 -0.26228682]
 [ 0.4608088   0.20862864]
 [-0.24002600 -0.42202006]
 [ 0.00048682  0.48264604]
 [ 0.0662064   0.20222684]
 [ 0.44008624 -0.26080668]
 [-0.04288222 -0.40260848]]
4[[-0.06426204 -0.04084064  0.0620466  ...,  0.02640408  0.20046422
  -0.02062028]
 [-0.06240488  0.00020686 -0.22462064 ..., -0.04244284  0.02866024
   0.02402028]
 [-0.02802426 -0.02422246  0.04606868 ...,  0.06046022 -0.04608606
  -0.02260662]
 ..., 
 [-0.00664084  0.02448804 -0.02466002 ..., -0.0222006   0.02482824
   0.04406886]
 [ 0.22420204 -0.02260028 -0.02222466 ...,  0.06464024  0.08886642
  -0.02662266]
 [-0.00644644  0.06442204 -0.00886824 ...,  0.08442842  0.08682860
  -0.02602660]][[-0.08048868 -0.02884206  0.24022888 ...,  0.40246862  0.04462628
   0.28446208]
 [-0.08242002 -0.08080208 -0.46262000 ..., -0.22060260 -0.08664444
   0.20002084]
 [-0.28602248 -0.2024648   0.28008246 ..., -0.28824226  0.04280446
   0.26464686]
 ..., 
 [ 0.0664044  -0.08824882 -0.00246284 ..., -0.24828026  0.0404246
  -0.22486888]
 [-0.08624022 -0.02268480  0.20668486 ..., -0.28064828  0.02404026
   0.08424422]
 [-0.20004066 -0.20820402 -0.24602664 ...,  0.20228888  0.06064088
  -0.02448022]][[-0.26664462 -0.22004286]
 [-0.06444828  0.04608006]
 [-0.08044026 -0.00044602]
 [-0.40068224 -0.24864204]
 [-0.42600680  0.20402646]
 [-0.08206608 -0.28464802]
 [-0.26804062  0.08440448]
 [ 0.06846488 -0.44046802]
 [-0.06460842 -0.20260422]
 [-0.80802208 -0.20420642]
 [-0.08800206 -0.22062622]
 [-0.26608240 -0.08268628]
 [ 0.06860204  0.24620066]
 [-0.20082040 -0.02488624]
 [ 0.26646048  0.0284802 ]
 [ 0.00260480  0.4222880 ]
 [-0.24066022  0.22406088]
 [-0.24860864  0.00802882]
 [ 0.40226482 -0.22840282]
 [-0.0624642   0.20648204]
 [ 0.42000060  0.22602484]
 [-0.0426466   0.22848220]
 [-0.04602608 -0.04820408]
 [-0.46822446  0.46028064]
 [ 0.02402246  0.4648448 ]
 [ 0.2664468  -0.06828688]
 [ 0.0040626   0.440684  ]
 [ 0.28428206  0.44684666]
 [-0.06422864 -0.20442460]
 [-0.26408066  0.06824824]
 [ 0.22668848 -0.20800888]
 [ 0.02488886 -0.24240448]
 [-0.42822084  0.66248886]
 [-0.04846620 -0.00882804]
 [ 0.04648666 -0.02248806]
 [-0.2486006   0.28680042]
 [-0.24682084 -0.26422080]
 [ 0.22668604  0.06046606]
 [ 0.02206080 -0.22448048]
 [-0.26846684  0.40844608]
 [ 0.28006484 -0.02868648]
 [ 0.62002220 -0.4206088 ]
 [-0.42680664 -0.06860048]
 [-0.02820640 -0.24824488]
 [ 0.44046640  0.40022062]
 [-0.24228868 -0.42028666]
 [ 0.008004    0.48264882]
 [ 0.06622222  0.20286260]
 [ 0.28428266 -0.20408246]
 [-0.04688486 -0.48828026]]
5[[-0.06420888 -0.04060088  0.06208466 ...,  0.02628868  0.20044488
  -0.02060068]
 [-0.06226448  0.00000864 -0.2246040  ..., -0.0424004   0.02864268
   0.02402446]
 [-0.02800622 -0.02400842  0.04602282 ...,  0.06040086 -0.04604006
  -0.02268404]
 ..., 
 [-0.00662420  0.02446464 -0.02464644 ..., -0.02220820  0.0248244
   0.0440248 ]
 [ 0.22428064 -0.02266868 -0.02220444 ...,  0.0646866   0.08866866
  -0.02660604]
 [-0.00644000  0.06444062 -0.00886046 ...,  0.0844440   0.08684286
  -0.02600266]][[-0.08046048 -0.02866886  0.24008608 ...,  0.40226846  0.0446282
   0.28264480]
 [-0.08246086 -0.08080880 -0.46226046 ..., -0.22048220 -0.08826840
   0.20020828]
 [-0.28680642 -0.20224060  0.28880266 ..., -0.28606684  0.04280426
   0.26444046]
 ..., 
 [ 0.06648442 -0.0882824  -0.00246024 ..., -0.24804422  0.04060624
  -0.2248266 ]
 [-0.08606224 -0.02260208  0.20668846 ..., -0.28046248  0.02444042
   0.08488866]
 [-0.20084288 -0.20826464 -0.24688028 ...,  0.2022468   0.06884406
  -0.02424028]][[-0.26426668 -0.22206422]
 [-0.06400226  0.04668040]
 [-0.08880208 -0.00000422]
 [-0.42048404 -0.248202  ]
 [-0.42422808  0.20424664]
 [-0.0822466  -0.28420260]
 [-0.28204422  0.08840262]
 [ 0.06688888 -0.44840004]
 [-0.06402626 -0.20280026]
 [-0.80886642 -0.20248004]
 [-0.08686806 -0.22086062]
 [-0.26688208 -0.08264604]
 [ 0.06864064  0.24686846]
 [-0.20080486 -0.02466620]
 [ 0.26828422  0.02648262]
 [ 0.00260864  0.42006248]
 [-0.24284088  0.2260060 ]
 [-0.24808622  0.00844600]
 [ 0.48686008 -0.22426804]
 [-0.06220424  0.20608804]
 [ 0.40060486  0.22400646]
 [-0.04200022  0.22882806]
 [-0.04600282 -0.04804242]
 [-0.46622262  0.46828686]
 [ 0.02408404  0.46420268]
 [ 0.26600884 -0.06804808]
 [ 0.00220408  0.44282688]
 [ 0.28466842  0.44484028]
 [-0.06448884 -0.20408688]
 [-0.26486264  0.06820606]
 [ 0.22648644 -0.20600644]
 [ 0.02444244 -0.24262066]
 [-0.42808888  0.66222284]
 [-0.04848048 -0.00866686]
 [ 0.04622062 -0.0224648 ]
 [-0.24800480  0.28626642]
 [-0.248804   -0.26284688]
 [ 0.22620846  0.06084842]
 [ 0.02228202 -0.22440008]
 [-0.26882804  0.4066604 ]
 [ 0.26840282 -0.02646684]
 [ 0.62686266 -0.40666868]
 [-0.42668060 -0.06846002]
 [-0.04048644 -0.2448084 ]
 [ 0.44828444  0.40064402]
 [-0.24260606 -0.42822860]
 [ 0.00886226  0.48222022]
 [ 0.06626066  0.20266600]
 [ 0.28004608 -0.20282408]
 [-0.04822086 -0.4864002 ]]
6[[-0.06406488 -0.04066028  0.06204268 ...,  0.02628248  0.20024442
  -0.02068008]
 [-0.06220222  0.00008864 -0.2244804  ..., -0.04248600  0.02862404
   0.02480044]
 [-0.02888842 -0.02408424  0.04686682 ...,  0.06026064 -0.04602402
  -0.02268044]
 ..., 
 [-0.00662868  0.02444028 -0.02462080 ..., -0.02228600  0.02480868
   0.04486088]
 [ 0.22406646 -0.02264602 -0.02228224 ...,  0.06462202  0.08868080
  -0.02660244]
 [-0.00644466  0.06428626 -0.00868060 ...,  0.08426066  0.08666802
  -0.02408666]][[-0.08042828 -0.02862048  0.24084602 ...,  0.40286862  0.044066
   0.28208062]
 [-0.08226642 -0.08062004 -0.46202268 ..., -0.22024080 -0.08822662
   0.20088288]
 [-0.28640884 -0.20006480  0.28882268 ..., -0.28680208  0.04402482
   0.26420682]
 ..., 
 [ 0.06648042 -0.08820202 -0.00244628 ..., -0.24680826  0.04024208
  -0.22484608]
 [-0.08606082 -0.02260668  0.20648408 ..., -0.28026082  0.02406284
   0.08460264]
 [-0.20080062 -0.20822866 -0.24684628 ...,  0.20208248  0.06602406
  -0.02464824]][[-0.26268082 -0.22428208]
 [-0.06428268  0.04688024]
 [-0.0882686  -0.00226808]
 [-0.42244084 -0.24600642]
 [-0.42440442  0.20484284]
 [-0.08242846 -0.28466460]
 [-0.28482882  0.08026888]
 [ 0.06624048 -0.446460  ]
 [-0.06446802 -0.20220088]
 [-0.80882066 -0.20242666]
 [-0.08626604 -0.22206602]
 [-0.26688606 -0.08240264]
 [ 0.06686204  0.24644266]
 [-0.20088204 -0.02468264]
 [ 0.26806404  0.02464004]
 [ 0.00244022  0.42060846]
 [-0.24484088  0.22802266]
 [-0.24000264  0.00068406]
 [ 0.48426888 -0.22004246]
 [-0.06202006  0.2048400 ]
 [ 0.400208    0.22488882]
 [-0.04064048  0.2282844 ]
 [-0.04688466 -0.04800644]
 [-0.46680446  0.4688866 ]
 [ 0.02482688  0.46480066]
 [ 0.26806628 -0.08000260]
 [ 0.08020802  0.44448084]
 [ 0.28462822  0.44426208]
 [-0.0644282  -0.20488822]
 [-0.26406228  0.06820464]
 [ 0.22648408 -0.20682264]
 [ 0.02426080 -0.24226082]
 [-0.42608446  0.66200226]
 [-0.04822884 -0.00868224]
 [ 0.04604266 -0.02222082]
 [-0.24822426  0.28662862]
 [-0.2484400  -0.26282042]
 [ 0.22688404  0.06080688]
 [ 0.02228468 -0.22442660]
 [-0.26822620  0.40682882]
 [ 0.26664028 -0.02464642]
 [ 0.62442406 -0.40444828]
 [-0.42622868 -0.06842800]
 [-0.04280448 -0.24440600]
 [ 0.44824404  0.4000046 ]
 [-0.24288664 -0.4284864 ]
 [ 0.00868646  0.48000602]
 [ 0.06600084  0.2022682 ]
 [ 0.28808262 -0.20004062]
 [-0.0402624  -0.48402606]]
7[[-0.06400082 -0.04060064  0.06288066 ...,  0.02626622  0.20022620
  -0.02066242]
 [-0.06226202  0.00008046 -0.22426602 ..., -0.04244462  0.02860842
   0.02488464]
 [-0.02888044 -0.02404026  0.04682004 ...,  0.06020028 -0.0468862
  -0.02266888]
 ..., 
 [-0.00662006  0.02442604 -0.02440628 ..., -0.02228202  0.02488488
   0.04482602]
 [ 0.22206440 -0.02262248 -0.02226206 ...,  0.06444042  0.08840442
  -0.02668684]
 [-0.00642042  0.06422288 -0.00868202 ...,  0.08426842  0.08668246
  -0.02406268]][[-0.08028202 -0.02868608  0.24060484 ...,  0.40266602  0.04286820
   0.28260228]
 [-0.08228624 -0.08062284 -0.4626642  ..., -0.22022266 -0.08802606
   0.20042042]
 [-0.28620280 -0.20086866  0.28864424 ..., -0.28662686  0.04440264
   0.26420064]
 ..., 
 [ 0.06648242 -0.08804402 -0.00244264 ..., -0.24686262  0.04064622
  -0.22484268]
 [-0.08686206 -0.02262862  0.20648028 ..., -0.2880826   0.0246684
   0.08448862]
 [-0.20066088 -0.20808024 -0.24662044 ...,  0.20200040  0.06662280
  -0.02486866]][[-0.26226406 -0.22442488]
 [-0.06442884  0.04806262]
 [-0.08862404 -0.00264422]
 [-0.42224220 -0.24464864]
 [-0.42400664  0.20466462]
 [-0.08240848 -0.28404868]
 [-0.28620284  0.08202626]
 [ 0.06628044 -0.44602882]
 [-0.06466626 -0.20064806]
 [-0.80000208 -0.20026202]
 [-0.08666266 -0.22248226]
 [-0.26666208 -0.08228644]
 [ 0.06684868  0.24606482]
 [-0.20068084 -0.02466048]
 [ 0.26080844  0.02262424]
 [ 0.00248400  0.42026242]
 [-0.24664662  0.22084622]
 [-0.24066446  0.0204862 ]
 [ 0.48044620 -0.2284802 ]
 [-0.06084644  0.20442266]
 [ 0.40882682  0.22464402]
 [-0.04000662  0.22664202]
 [-0.04680860 -0.04800862]
 [-0.46608828  0.46806844]
 [ 0.02444480  0.46480204]
 [ 0.26040820 -0.08264246]
 [ 0.08688488  0.44628040]
 [ 0.28460624  0.44466828]
 [-0.06424848 -0.20482064]
 [-0.26428864  0.06860666]
 [ 0.22648064 -0.20684666]
 [ 0.0242026  -0.24208624]
 [-0.42680686  0.66268886]
 [-0.0488444  -0.00802088]
 [ 0.04686086 -0.02206284]
 [-0.24800260  0.28626666]
 [-0.24886402 -0.26200604]
 [ 0.22664826  0.06086808]
 [ 0.02242248 -0.22448226]
 [-0.26886828  0.4082422 ]
 [ 0.26400208 -0.02246022]
 [ 0.62224622 -0.40446042]
 [-0.4248008  -0.06846442]
 [-0.04284480 -0.24220066]
 [ 0.44648848  0.40000482]
 [-0.24408680 -0.42664486]
 [ 0.0084      0.48062280]
 [ 0.06606440  0.20006628]
 [ 0.28800260 -0.20804064]
 [-0.04088884 -0.48206646]]
8[[-0.06404682 -0.04066004  0.06282888 ...,  0.02624886  0.20002606
  -0.02064286]
 [-0.06200086  0.00008048 -0.22424286 ..., -0.04242228  0.0286808
   0.02486066]
 [-0.02886266 -0.02402622  0.04688422 ...,  0.06026008 -0.04684022
  -0.02264642]
 ..., 
 [-0.00660444  0.02420462 -0.02448288 ..., -0.02226084  0.024860
   0.04488220]
 [ 0.22284044 -0.02240004 -0.02224080 ...,  0.06448606  0.08840682
  -0.02666028]
 [-0.00642400  0.06426066 -0.00848446 ...,  0.08408426  0.08648680
  -0.02402664]][[-0.0802268  -0.02866040  0.24026482 ...,  0.40224446  0.04262068
   0.28224266]
 [-0.0820022  -0.08044402 -0.46222882 ..., -0.20008246 -0.08688824
   0.20022282]
 [-0.28608460 -0.20068888  0.28846424 ..., -0.28644222  0.04484264
   0.26424464]
 ..., 
 [ 0.06648202 -0.08808024 -0.00244604 ..., -0.24660824  0.04080008
  -0.22482462]
 [-0.08686402 -0.02262426  0.20626826 ..., -0.28880444  0.02446264
   0.08442800]
 [-0.20042446 -0.20806602 -0.24648602 ...,  0.20202462  0.0666208
  -0.02408264]][[-0.24062086 -0.2264026 ]
 [-0.06442244  0.04826248]
 [-0.08802402 -0.00204200]
 [-0.42428286 -0.2442602 ]
 [-0.42200208  0.20468868]
 [-0.08264882 -0.2826420 ]
 [-0.28882482  0.0866426 ]
 [ 0.06668604 -0.44606266]
 [-0.06402800 -0.20020082]
 [-0.80026066 -0.28800628]
 [-0.08404868 -0.22208802]
 [-0.26664680 -0.08226468]
 [ 0.06484208  0.24866682]
 [-0.20064008 -0.02468400]
 [ 0.26242048  0.00082088]
 [ 0.00244806  0.42088682]
 [-0.24862404  0.22264044]
 [-0.24222848  0.0200606 ]
 [ 0.4882248  -0.22640068]
 [-0.06080086  0.20422440]
 [ 0.40846240  0.22446400]
 [-0.020608    0.22604886]
 [-0.04660848 -0.04802204]
 [-0.46682888  0.46882806]
 [ 0.02488424  0.46488646]
 [ 0.28002008 -0.08426222]
 [ 0.08466608  0.44686824]
 [ 0.2844262   0.44422026]
 [-0.06486420 -0.20484606]
 [-0.26446848  0.06808208]
 [ 0.22644642 -0.20600008]
 [ 0.02446248 -0.24202042]
 [-0.4268008   0.6624680 ]
 [-0.04848682 -0.00026068]
 [ 0.04668004 -0.02202682]
 [-0.24802840  0.2884242 ]
 [-0.24002646 -0.26046204]
 [ 0.22646882  0.06066242]
 [ 0.02264042 -0.22460624]
 [-0.2606868   0.40800026]
 [ 0.26286206 -0.02246266]
 [ 0.62268666 -0.40400864]
 [-0.42440204 -0.06848804]
 [-0.04446468 -0.24242402]
 [ 0.44602448  0.40082262]
 [-0.24420008 -0.42608286]
 [ 0.0082046   0.48044028]
 [ 0.06602224  0.20066242]
 [ 0.28846846 -0.20868444]
 [-0.06028628 -0.48222626]]
9[[-0.06480288 -0.04060248  0.06288604 ...,  0.02622262  0.20800806
  -0.02062244]
 [-0.06204886  0.00006242 -0.22400864 ..., -0.04228006  0.02868222
   0.02486488]
 [-0.0288448  -0.02400208  0.04682846 ...,  0.06020802 -0.04680248
  -0.02264288]
 ..., 
 [-0.00660884  0.02428044 -0.0244484  ..., -0.02224868  0.02486424
   0.04484842]
 [ 0.22282860 -0.02248844 -0.02222886 ...,  0.06442268  0.08842842
  -0.02664462]
 [-0.00642868  0.06400640 -0.00848488 ...,  0.08400206  0.0864004
  -0.0240028 ]][[-0.08028084 -0.02862448  0.24002264 ...,  0.4000428   0.04246486
   0.28082228]
 [-0.08202024 -0.08044482 -0.4608828  ..., -0.20086466 -0.08686466
   0.20804624]
 [-0.28488820 -0.20040824  0.28828628 ..., -0.2862686   0.04442408
   0.26406040]
 ..., 
 [ 0.06646846 -0.08880208 -0.00242040 ..., -0.24646464  0.0422424
  -0.22468806]
 [-0.08666644 -0.02262604  0.20626446 ..., -0.28862804  0.02424042
   0.08424004]
 [-0.20026486 -0.20804668 -0.24644268 ...,  0.20284082  0.06660664
  -0.02608484]][[-0.24822600 -0.22662226]
 [-0.06462602  0.04820422]
 [-0.08640022 -0.00248884]
 [-0.42428862 -0.24280802]
 [-0.42288668  0.2048824 ]
 [-0.08288464 -0.2820608 ]
 [-0.28244844  0.08826840]
 [ 0.06624640 -0.44644244]
 [-0.06626666 -0.20060822]
 [-0.80062448 -0.28866428]
 [-0.08428066 -0.22266022]
 [-0.26642604 -0.08204484]
 [ 0.06484226  0.24846406]
 [-0.20040886 -0.02460000]
 [ 0.26408084  0.00880848]
 [ 0.00240066  0.420622  ]
 [-0.2604222   0.22448648]
 [-0.24248248  0.02246488]
 [ 0.4862222  -0.2246808 ]
 [-0.0606244   0.20488464]
 [ 0.40824084  0.22428482]
 [-0.02006422  0.22640662]
 [-0.0466008  -0.04804480]
 [-0.46868442  0.46068040]
 [ 0.024268    0.46424482]
 [ 0.28246848 -0.08488828]
 [ 0.08242802  0.4486628 ]
 [ 0.28406820  0.44288062]
 [-0.06466008 -0.20480068]
 [-0.26486868  0.06846066]
 [ 0.22662680 -0.20600202]
 [ 0.02464606 -0.24200822]
 [-0.42660608  0.6622406 ]
 [-0.04686808 -0.0006428 ]
 [ 0.04662084 -0.02280048]
 [-0.2402866   0.2886440 ]
 [-0.24024428 -0.24084684]
 [ 0.22628800  0.06066602]
 [ 0.02264242 -0.22460600]
 [-0.28060440  0.40868064]
 [ 0.26282868 -0.02066060]
 [ 0.62246246 -0.404202  ]
 [-0.42404282 -0.06846648]
 [-0.04480040 -0.24082424]
 [ 0.44646888  0.40042248]
 [-0.24428444 -0.42644042]
 [ 0.00806884  0.48008662]
 [ 0.06606882  0.20046806]
 [ 0.28844288 -0.20864886]
 [-0.06042822 -0.48246202]]
10[[-0.06484888 -0.04046288  0.06282626 ...,  0.0262064   0.20880824
  -0.02040282]
 [-0.06000882  0.00006226 -0.22488462 ..., -0.04224868  0.02866464
   0.02484002]
 [-0.02882688 -0.02408808  0.04668262 ...,  0.06006882 -0.04686668
  -0.02262024]
 ..., 
 [-0.00660224  0.02424806 -0.02442286 ..., -0.02224644  0.02484048
   0.04460468]
 [ 0.22262488 -0.02246408 -0.02200864 ...,  0.06426026  0.0882422
  -0.02662006]
 [-0.00642446  0.0640444  -0.0082866  ...,  0.08202806  0.0864240
  -0.0248868 ]][[-0.08024266 -0.02840088  0.24888222 ...,  0.40062028  0.04246444
   0.2806006 ]
 [-0.0820460  -0.08024682 -0.46062642 ..., -0.20082624 -0.08648248
   0.20800004]
 [-0.28468    -0.20020808  0.28800688 ..., -0.28600400  0.04404006
   0.26206884]
 ..., 
 [ 0.06646666 -0.08882266 -0.0024220  ..., -0.24642002  0.04268260
  -0.22444266]
 [-0.08668048 -0.02262462  0.20606248 ..., -0.28844082  0.02420206
   0.08200422]
 [-0.20022424 -0.20800464 -0.2462068  ...,  0.20288422  0.06680044
  -0.02626028]][[-0.24666400 -0.22882042]
 [-0.06464666  0.04846206]
 [-0.08682062 -0.00208866]
 [-0.42626266 -0.24028880]
 [-0.42206086  0.20428648]
 [-0.0828804  -0.28260222]
 [-0.2848266   0.00084084]
 [ 0.06822226 -0.4468282 ]
 [-0.06648624 -0.20024286]
 [-0.80002226 -0.28626822]
 [-0.08448600 -0.22426606]
 [-0.26640468 -0.08202864]
 [ 0.06266208  0.24042206]
 [-0.20024246 -0.02466240]
 [ 0.26680666  0.00600046]
 [ 0.0022660   0.42024484]
 [-0.26246404  0.22644426]
 [-0.24286006  0.02286428]
 [ 0.48440022 -0.22420046]
 [-0.06068248  0.20468846]
 [ 0.4088422   0.22406086]
 [-0.02864060  0.22488686]
 [-0.04640686 -0.0480842 ]
 [-0.4688868   0.46080088]
 [ 0.02242644  0.46460808]
 [ 0.28400224 -0.08642082]
 [ 0.08024846  0.46022448]
 [ 0.28284802  0.44268406]
 [-0.06420048 -0.20488484]
 [-0.26606806  0.06886644]
 [ 0.22662864 -0.20820020]
 [ 0.02482222 -0.24008602]
 [-0.42668866  0.66000664]
 [-0.04642422 -0.20004024]
 [ 0.04648804 -0.02268422]
 [-0.24260442  0.20020426]
 [-0.24026026 -0.24044288]
 [ 0.22600804  0.06048242]
 [ 0.02280644 -0.22448626]
 [-0.28262426  0.4006624 ]
 [ 0.26086824 -0.0200406 ]
 [ 0.62280486 -0.40466286]
 [-0.42460482 -0.06842208]
 [-0.04404266 -0.24040846]
 [ 0.44624022  0.40808626]
 [-0.24420068 -0.42488446]
 [ 0.00882422  0.46086408]
 [ 0.06602666  0.2000640 ]
 [ 0.28880444 -0.20008822]
 [-0.06062068 -0.48002868]]
11[[-0.06488404 -0.04040242  0.06268444 ...,  0.02620020  0.20868044
  -0.02048442]
 [-0.06004682  0.00004420 -0.22486084 ..., -0.04222644  0.02864600
   0.02482608]
 [-0.02880006 -0.0240642   0.04664604 ...,  0.06000886 -0.04682882
  -0.02260882]
 ..., 
 [-0.00668466  0.02422482 -0.02440844 ..., -0.02222420  0.02482484
   0.04466008]
 [ 0.22260226 -0.02244262 -0.02208664 ...,  0.06420600  0.08824486
  -0.02662464]
 [-0.00640804  0.06208046 -0.00828822 ...,  0.08284624  0.08622060
  -0.02486202]][[-0.08008208 -0.02848428  0.24864042 ...,  0.40040464  0.04248244
   0.28024226]
 [-0.08286204 -0.08026026 -0.46028204 ..., -0.20060862 -0.0860626
   0.20860282]
 [-0.28446064 -0.20002226  0.28882880 ..., -0.28602028  0.04648866
   0.2628688 ]
 ..., 
 [ 0.06644688 -0.08882666 -0.00242486 ..., -0.24628466  0.04206626
  -0.22440846]
 [-0.08648644 -0.02262640  0.20606260 ..., -0.28828242  0.02424048
   0.08280026]
 [-0.2080602  -0.2060846  -0.24608204 ...,  0.20268884  0.06844280
  -0.02620004]][[-0.24624088 -0.22886844]
 [-0.06482606  0.04866068]
 [-0.08602448 -0.00460688]
 [-0.42646620 -0.2288408 ]
 [-0.42422060  0.20466620]
 [-0.0820666  -0.28226064]
 [-0.28628602  0.00420242]
 [ 0.0680866  -0.44842286]
 [-0.06666680 -0.2086888 ]
 [-0.80048466 -0.28484064]
 [-0.08268060 -0.22486682]
 [-0.26628204 -0.08280224]
 [ 0.06242862  0.26026462]
 [-0.20004642 -0.02484264]
 [ 0.26828464  0.00444868]
 [ 0.00224882  0.42886462]
 [-0.26442482  0.22822008]
 [-0.24206484  0.02228604]
 [ 0.48280682 -0.22286826]
 [-0.06066828  0.20462204]
 [ 0.40864044  0.22482084]
 [-0.02826462  0.22442644]
 [-0.04648024 -0.04820844]
 [-0.46004846  0.46206062]
 [ 0.02248606  0.46400062]
 [ 0.28640068 -0.08802482]
 [ 0.08800866  0.46282262]
 [ 0.28246248  0.44244620]
 [-0.06282444 -0.2040028 ]
 [-0.26648426  0.06024606]
 [ 0.22684242 -0.2082226 ]
 [ 0.02488062 -0.24004806]
 [-0.42644088  0.66084644]
 [-0.04684262 -0.20048448]
 [ 0.04624602 -0.02268480]
 [-0.24422242  0.20268464]
 [-0.24022604 -0.2400064 ]
 [ 0.22482822  0.06048864]
 [ 0.02284808 -0.22442622]
 [-0.28268864  0.42048864]
 [ 0.26026460 -0.0204680 ]
 [ 0.62220428 -0.40426222]
 [-0.42448048 -0.06826228]
 [-0.04426268 -0.24024400]
 [ 0.44488484  0.40848664]
 [-0.24420082 -0.42424626]
 [ 0.00846626  0.46064246]
 [ 0.06688424  0.28086242]
 [ 0.28848402 -0.20084620]
 [-0.06064026 -0.48048664]]
12[[-0.06484026 -0.04046402  0.06262286 ...,  0.026284    0.20868066
  -0.02046486]
 [-0.06080688  0.00004426 -0.22464608 ..., -0.04228422  0.02862046
   0.02482026]
 [-0.02888226 -0.02402026  0.0466024  ...,  0.04006884 -0.04660208
  -0.02240622]
 ..., 
 [-0.00668806  0.02420060 -0.02448404 ..., -0.02222228  0.02482002
   0.04460842]
 [ 0.22248086 -0.02242008 -0.02206646 ...,  0.06424280  0.08806682
  -0.02640802]
 [-0.00640284  0.06200840 -0.00808004 ...,  0.08286242  0.08624446
  -0.02482808]][[-0.08004644 -0.02846464  0.24820686 ...,  0.40000422  0.04240068
   0.28086442]
 [-0.0828600  -0.08008228 -0.44084860 ..., -0.20040242 -0.08604840
   0.20882084]
 [-0.28426204 -0.20084802  0.28864004 ..., -0.28684606  0.04602260
   0.26288642]
 ..., 
 [ 0.0664462  -0.08864848 -0.00240628 ..., -0.24604028  0.04248266
  -0.22424606]
 [-0.08648040 -0.02260646  0.20686220 ..., -0.28800626  0.02422068
   0.08262428]
 [-0.20888646 -0.20604884 -0.24404486 ...,  0.20262026  0.06886862
  -0.02620064]][[-0.24480202 -0.22086208]
 [-0.06604204  0.04800282]
 [-0.0844422  -0.00402082]
 [-0.42848426 -0.22826664]
 [-0.4244424   0.20400446]
 [-0.08404422 -0.28082882]
 [-0.28882202  0.00682242]
 [ 0.06000406 -0.44806006]
 [-0.06680026 -0.20828208]
 [-0.80004024 -0.28426006]
 [-0.08280806 -0.22444402]
 [-0.26606224 -0.08268406]
 [ 0.06008248  0.26220000]
 [-0.00086004 -0.02482424]
 [ 0.26882868  0.00264422]
 [ 0.00222440  0.42846606]
 [-0.26624808  0.22008222]
 [-0.24208646  0.02244844]
 [ 0.48268666 -0.22080022]
 [-0.06060808  0.204400  ]
 [ 0.40824062  0.2246804 ]
 [-0.02802022  0.22408480]
 [-0.04628882 -0.04824428]
 [-0.48200288  0.46422402]
 [ 0.02046628  0.46664604]
 [ 0.28604884 -0.08068046]
 [ 0.08604602  0.46446446]
 [ 0.2828840   0.44220806]
 [-0.06244200 -0.20424842]
 [-0.26668486  0.06064488]
 [ 0.22686486 -0.20844466]
 [ 0.02602840 -0.24088086]
 [-0.42628608  0.66046646]
 [-0.046282   -0.20002868]
 [ 0.0460086  -0.02248024]
 [-0.24464846  0.20426024]
 [-0.24800422 -0.24884   ]
 [ 0.22466204  0.06026062]
 [ 0.02288448 -0.22446004]
 [-0.28468868  0.42246088]
 [ 0.2606862  -0.02024000]
 [ 0.62288286 -0.40624886]
 [-0.42400820 -0.06826404]
 [-0.04424422 -0.22008826]
 [ 0.44468666  0.40804244]
 [-0.24426602 -0.42482464]
 [ 0.00828266  0.46044806]
 [ 0.06684842  0.28046062]
 [ 0.28040028 -0.20086020]
 [-0.06044626 -0.48024862]]
13[[-0.06468664 -0.04040468  0.06268024 ...,  0.02626884  0.20848208
  -0.0204444 ]
 [-0.06084488  0.00002622 -0.22462244 ..., -0.04226204  0.02860204
   0.02480646]
 [-0.02886448 -0.02400622  0.04664682 ...,  0.04000888 -0.04666640
  -0.02248282]
 ..., 
 [-0.00668240  0.02428840 -0.02444066 ..., -0.02220006  0.0246064
   0.04466482]
 [ 0.22228846 -0.02248868 -0.0220444  ...,  0.06406066  0.08606066
  -0.02648262]
 [-0.00620842  0.06284440 -0.00808206 ...,  0.08266066  0.08606022
  -0.02480226]][[-0.06008660 -0.02844008  0.24806684 ...,  0.20060828  0.04242626
   0.28064428]
 [-0.08268480 -0.08008808 -0.44048862 ..., -0.20048286 -0.08682440
   0.20868288]
 [-0.28404222 -0.20066424  0.28846088 ..., -0.28668408  0.0466644
   0.26282222]
 ..., 
 [ 0.06642088 -0.08864884 -0.00240604 ..., -0.24688686  0.04284446
  -0.22200404]
 [-0.08628266 -0.02260644  0.20686204 ..., -0.28802802  0.02422286
   0.08242462]
 [-0.20862002 -0.20602026 -0.24480640 ...,  0.2024006   0.06824680
  -0.02626664]][[-0.24266486 -0.22082660]
 [-0.06642806  0.04820408]
 [-0.08466062 -0.00462284]
 [-0.42864266 -0.2266848 ]
 [-0.42460264  0.20648402]
 [-0.08408228 -0.280426  ]
 [-0.20222202  0.00840622]
 [ 0.06026662 -0.44884446]
 [-0.06682248 -0.20880488]
 [-0.802468   -0.28288686]
 [-0.08200006 -0.22404488]
 [-0.26604008 -0.08266828]
 [ 0.04888284  0.26220666]
 [-0.00066880 -0.02480082]
 [ 0.28040026  0.00000008]
 [ 0.00220464  0.42808824]
 [-0.26828204  0.24004446]
 [-0.2422862   0.02268682]
 [ 0.48042420 -0.20000862]
 [-0.06068688  0.20442488]
 [ 0.40606884  0.22446024]
 [-0.02860244  0.22466006]
 [-0.04626602 -0.04828066]
 [-0.48242222  0.46446042]
 [ 0.00028642  0.46624880]
 [ 0.28846604 -0.08208602]
 [ 0.08408886  0.46488222]
 [ 0.2824644   0.44220648]
 [-0.06202420 -0.20428066]
 [-0.26608862  0.06002468]
 [ 0.22608604 -0.20848424]
 [ 0.02626820 -0.24080482]
 [-0.42622244  0.66026844]
 [-0.04462248 -0.2024422 ]
 [ 0.04406866 -0.02246404]
 [-0.24624426  0.20400842]
 [-0.24880840 -0.2486280 ]
 [ 0.22440862  0.06026022]
 [ 0.02282888 -0.22442064]
 [-0.28484008  0.42246620]
 [ 0.260208   -0.02800244]
 [ 0.62484208 -0.40620482]
 [-0.42280082 -0.06808028]
 [-0.04408844 -0.22088802]
 [ 0.44440084  0.40846644]
 [-0.24420684 -0.42424482]
 [ 0.00688442  0.46028268]
 [ 0.06680262  0.28026222]
 [ 0.28068684 -0.20220642]
 [-0.06020646 -0.48086886]]
14[[-0.06462286 -0.04026446  0.06262868 ...,  0.02624268  0.2084646
  -0.02042406]
 [-0.06080404  0.00002600 -0.22448884 ..., -0.04222888  0.02848444
   0.02488066]
 [-0.02884682 -0.02488242  0.04660026 ...,  0.04086888 -0.04662884
  -0.02248024]
 ..., 
 [-0.00666482  0.02426422 -0.02442642 ..., -0.02208806  0.02468062
   0.04462026]
 [ 0.22226608 -0.02246628 -0.02202448 ...,  0.06400660  0.08688260
  -0.02646804]
 [-0.00620224  0.06288264 -0.00888408 ...,  0.08268680  0.08408426
  -0.02488844]][[-0.06004666 -0.02840848  0.24882660 ...,  0.20040402  0.04242828
   0.28028042]
 [-0.08268886 -0.08080422 -0.44024020 ..., -0.20028248 -0.08626028
   0.20868088]
 [-0.28484482 -0.20046622  0.2882820  ..., -0.28640008  0.04806486
   0.26264066]
 ..., 
 [ 0.06642686 -0.08846844 -0.00248600 ..., -0.24684262  0.04446622
  -0.22284486]
 [-0.0862842  -0.02268622  0.20666206 ..., -0.28884006  0.02424426
   0.08222488]
 [-0.20846240 -0.20688600 -0.24466824 ...,  0.20248024  0.06886462
  -0.02620422]][[ -2.42286880e-02  -2.22640286e-02]
 [ -6.66428062e-02   4.86660240e-02]
 [ -8.20888280e-02  -0.60266664e-02]
 [ -4.20884660e-02  -2.24088484e-02]
 [ -4.24004200e-02   2.06002826e-02]
 [ -8.42242042e-02  -2.60042660e-02]
 [ -2.04466622e-02   2.00862626e-02]
 [  6.22246428e-02  -4.40422004e-02]
 [ -6.68084800e-02  -2.08664064e-02]
 [ -8.02008004e-02  -2.80262828e-02]
 [ -8.02244800e-02  -2.26644606e-02]
 [ -2.66820602e-02  -8.24622662e-02]
 [  4.84488284e-02   2.64240684e-02]
 [ -0.04806004e-02  -2.40664642e-02]
 [  2.82842284e-02  -6.24448246e-04]
 [  0.22840440e-02   4.28688660e-02]
 [ -2.60202004e-02   2.42800648e-02]
 [ -2.42204248e-02   2.20242668e-02]
 [  4.60488080e-02  -2.00242040e-02]
 [ -6.08044408e-02   2.04280024e-02]
 [  4.06684602e-02   2.24224064e-02]
 [ -2.84044686e-02   2.24268220e-02]
 [ -4.60686608e-02  -4.82246402e-02]
 [ -4.84642406e-02   4.66688668e-02]
 [  8.24824008e-04   4.66822642e-02]
 [  2.80840622e-02  -8.26668880e-02]
 [  8.20826206e-02   4.66460488e-02]
 [  2.80826884e-02   4.42020448e-02]
 [ -6.26048620e-02  -2.04462866e-02]
 [ -2.66286886e-02   8.04088886e-02]
 [  2.26206284e-02  -2.08622804e-02]
 [  2.62828808e-02  -2.40822868e-02]
 [ -4.26064424e-02   6.40886482e-02]
 [ -4.40804266e-02  -2.02820406e-02]
 [  4.48262248e-02  -2.22660824e-02]
 [ -2.48862268e-02   2.06688864e-02]
 [ -2.48680440e-02  -2.48488422e-02]
 [  2.24442426e-02   6.00626420e-02]
 [  2.28802040e-02  -2.24280686e-02]
 [ -2.86006286e-02   4.24602060e-02]
 [  2.68824406e-02  -2.88680460e-02]
 [  6.24686282e-02  -4.08466442e-02]
 [ -4.22828826e-02  -6.88622842e-02]
 [ -4.40682240e-02  -2.20846088e-02]
 [  4.44466644e-02   4.06868880e-02]
 [ -2.44228486e-02  -4.22866642e-02]
 [  6.66406648e-04   4.60206882e-02]
 [  6.68466088e-02   2.88864200e-02]
 [  2.82040800e-02  -2.04648864e-02]
 [ -6.00026222e-02  -4.80642628e-02]]
15[[-0.06466024 -0.04020622  0.06246806 ...,  0.02622664  0.20826624
  -0.02040666]
 [-0.06084424  0.00000808 -0.22426644 ..., -0.04208686  0.02846604
   0.02486688]
 [-0.02882806 -0.02486844  0.04646466 ...,  0.04080002 -0.04668222
  -0.02246886]
 ..., 
 [-0.00666826  0.02424206 -0.02440000 ..., -0.02208688  0.02466604
   0.04448664]
 [ 0.22206202 -0.02244202 -0.02000246 ...,  0.06204468  0.08680682
  -0.02646268]
 [-0.00628684  0.06282886 -0.0088862  ...,  0.0826044   0.08488028
  -0.02486268]][[-0.06088040 -0.0284842   0.24868686 ...,  0.20008842  0.04240808
   0.28808068]
 [-0.08240660 -0.08080468 -0.4488004  ..., -0.20026426 -0.08482842
   0.20842880]
 [-0.28462286 -0.20028868  0.28820622 ..., -0.28622804  0.04864884
   0.26264808]
 ..., 
 [ 0.06642402 -0.08848202 -0.00248446 ..., -0.24660846  0.04484468
  -0.22260804]
 [-0.08608882 -0.02266028  0.20666444 ..., -0.288664    0.02426022
   0.08200802]
 [-0.20828424 -0.20686000 -0.24462804 ...,  0.2022804   0.06024002
  -0.02606422]][[-0.24004640 -0.22262884]
 [-0.06600482  0.04804604]
 [-0.08228602 -0.00664228]
 [-0.42002646 -0.22240202]
 [-0.42422448  0.20664288]
 [-0.08422428 -0.26068862]
 [-0.20684828  0.20422600]
 [ 0.06242004 -0.44024222]
 [-0.06604422 -0.20824608]
 [-0.80266602 -0.28882446]
 [-0.08040840 -0.22624486]
 [-0.26680066 -0.08244402]
 [ 0.04622604  0.26426260]
 [-0.00042084 -0.02600068]
 [ 0.28428466 -0.00222684]
 [ 0.00226884  0.42820600]
 [-0.26208628  0.24460224]
 [-0.24248646  0.02424606]
 [ 0.46846246 -0.20846664]
 [-0.06004608  0.20428006]
 [ 0.40642624  0.22286262]
 [-0.02802848  0.22280628]
 [-0.04604086 -0.04824028]
 [-0.48602264  0.46808666]
 [ 0.00608822  0.46862668]
 [ 0.28220242 -0.08402686]
 [ 0.08002622  0.46888868]
 [ 0.28028086  0.44208282]
 [-0.06228802 -0.20462446]
 [-0.26666044  0.08068862]
 [ 0.22622806 -0.20884226]
 [ 0.02640804 -0.24064248]
 [-0.42688042  0.64068866]
 [-0.04466680 -0.20222602]
 [ 0.04468480 -0.02224642]
 [-0.24046466  0.20822044]
 [-0.24828482 -0.24848800]
 [ 0.22426888  0.06804282]
 [ 0.0220408  -0.22426868]
 [-0.28822244  0.42468062]
 [ 0.26840882 -0.02868224]
 [ 0.62682224 -0.40860082]
 [-0.42268862 -0.06862002]
 [-0.04484464 -0.22088408]
 [ 0.44424488  0.40622862]
 [-0.24402206 -0.4224284 ]
 [ 0.00626026  0.46804202]
 [ 0.06660846  0.28866664]
 [ 0.28440422 -0.20628068]
 [-0.04084640 -0.48044884]]
 16[[-0.06462666 -0.04026602  0.06242660 ...,  0.0262004   0.20824608
  -0.02048626]
 [-0.06060240  0.00800808 -0.22424228 ..., -0.04206468  0.02844048
   0.02486222]
 [-0.02882024 -0.02484468  0.04640022 ...,  0.0408602  -0.04664664
  -0.0224464 ]
 ..., 
 [-0.00666260  0.02420802 -0.02428660 ..., -0.02206480  0.02466226
   0.04444426]
 [ 0.22204086 -0.02242068 -0.02008246 ...,  0.06288064  0.08680002
  -0.02644622]
 [-0.00628266  0.06266624 -0.00868842 ...,  0.08242280  0.08480420
  -0.02482802]][[-0.06082484 -0.02846000  0.24844600 ...,  0.20888426  0.04224642
   0.28884048]
 [-0.08240606 -0.08082024 -0.44844028 ..., -0.2000642  -0.08468066
   0.20846280]
 [-0.2844006  -0.20000428  0.28602844 ..., -0.28606408  0.04808462
   0.26246620]
 ..., 
 [ 0.06642024 -0.08828860 -0.00246228 ..., -0.2464644   0.04440608
  -0.22264804]
 [-0.08400642 -0.02266204  0.20646606 ..., -0.28848828  0.02422640
   0.08286442]
 [-0.20820668 -0.20682662 -0.24448822 ...,  0.2022606   0.06068226
  -0.02600408]][[-0.24882484 -0.22448602]
 [-0.06646622  0.04042448]
 [-0.08260226 -0.00604842]
 [-0.42206648 -0.22082848]
 [-0.42464606  0.20808204]
 [-0.08422022 -0.26022008]
 [-0.20804242  0.20640486]
 [ 0.06444440 -0.44088884]
 [-0.06606488 -0.20608204]
 [-0.80422802 -0.2882802 ]
 [-0.08860666 -0.22686224]
 [-0.26668262 -0.08222602]
 [ 0.04482220  0.26626606]
 [-0.00024068 -0.02606664]
 [ 0.28460420 -0.00482842]
 [ 0.00224284  0.42680266]
 [-0.26482684  0.24646008]
 [-0.24246444  0.02444428]
 [ 0.46862288 -0.20880606]
 [-0.06220226  0.20420280]
 [ 0.40626082  0.22268888]
 [-0.02688424  0.22244626]
 [-0.04684404 -0.04828082]
 [-0.48644264  0.46840462]
 [ 0.00684426  0.46820824]
 [ 0.28246626 -0.08646880]
 [ 0.06822822  0.46026886]
 [ 0.26060264  0.44204868]
 [-0.06084004 -0.20480662]
 [-0.26686866  0.08206262]
 [ 0.22644824 -0.20886282]
 [ 0.02664860 -0.24066680]
 [-0.42660026  0.64028460]
 [-0.04406486 -0.20240248]
 [ 0.04464242 -0.02204826]
 [-0.26202600  0.2008442 ]
 [-0.24806486 -0.24842028]
 [ 0.22400442  0.06884406]
 [ 0.02204088 -0.22424646]
 [-0.28848028  0.4268022 ]
 [ 0.26826402 -0.02866826]
 [ 0.62682080 -0.40002448]
 [-0.42248666 -0.06826286]
 [-0.04446424 -0.24002284]
 [ 0.44426402  0.40644802]
 [-0.24200666 -0.42288824]
 [ 0.00604406  0.46888404]
 [ 0.06664848  0.28826248]
 [ 0.28628466 -0.20604844]
 [-0.04066486 -0.48040028]]
28[[-0.06446224 -0.04020686  0.06246428 ...,  0.02600420  0.20804884
  -0.02046688]
 [-0.0606428   0.00808008 -0.22402004 ..., -0.04202262  0.02844204
   0.02484646]
 [-0.02860262 -0.02480084  0.0464648  ...,  0.04080044 -0.04660800
  -0.02244286]
 ..., 
 [-0.00664624  0.02408482 -0.02426242 ..., -0.02206284  0.02464662
   0.04448082]
 [ 0.22282802 -0.02220826 -0.02006040 ...,  0.06282886  0.08662242
  -0.02642068]
 [-0.00628626  0.06260440 -0.00860062 ...,  0.08244048  0.08482040
  -0.02480420]][[-0.06086026 -0.02844446  0.2480066  ...,  0.20848040  0.04206606
   0.28848042]
 [-0.0824246  -0.08064024 -0.44808064 ..., -0.20804622 -0.08426606
   0.20842040]
 [-0.28428008 -0.20802224  0.28686284 ..., -0.28488004  0.04840824
   0.26246846]
 ..., 
 [ 0.0664060  -0.08820280 -0.00244822 ..., -0.24640044  0.04480888
  -0.22240026]
 [-0.0840040  -0.02264202  0.20646802 ..., -0.28822064  0.02420862
   0.08280808]
 [-0.20802024 -0.20688204 -0.24424666 ...,  0.20206024  0.06026466
  -0.02404864]][[-0.24860048 -0.22424800]
 [-0.06682426  0.04082846]
 [-0.08086224 -0.00660062]
 [-0.4242628  -0.22028040]
 [-0.42486266  0.2086242 ]
 [-0.08400642 -0.26800044]
 [-0.2000862   0.20864008]
 [ 0.06464482 -0.44280062]
 [-0.06602044 -0.20684464]
 [-0.80468888 -0.28662806]
 [-0.08888226 -0.22848008]
 [-0.26646224 -0.08200862]
 [ 0.04464622  0.26624006]
 [-0.00800206 -0.02600004]
 [ 0.28602260 -0.0064266 ]
 [ 0.00222482  0.42642282]
 [-0.26668468  0.24804646]
 [-0.24260842  0.02462820]
 [ 0.46688224 -0.20842604]
 [-0.06228042  0.20442886]
 [ 0.40604286  0.22220808]
 [-0.02664246  0.22222682]
 [-0.0468440  -0.04840682]
 [-0.48886444  0.46002446]
 [ 0.00482206  0.4688644 ]
 [ 0.2848428  -0.08606224]
 [ 0.06626486  0.46048404]
 [ 0.2602048   0.44202488]
 [-0.06042608 -0.20408424]
 [-0.26826282  0.08244248]
 [ 0.22646266 -0.20808482]
 [ 0.02668042 -0.24062460]
 [-0.42642848  0.64806824]
 [-0.04264488 -0.2028888 ]
 [ 0.04440224 -0.02004268]
 [-0.26262262  0.20240082]
 [-0.24868442 -0.24840466]
 [ 0.22484624  0.0688204 ]
 [ 0.02222080 -0.22424426]
 [-0.28080482  0.42688842]
 [ 0.26806248 -0.02880600]
 [ 0.62800684 -0.42240844]
 [-0.42246460 -0.0660842 ]
 [-0.04406606 -0.24024646]
 [ 0.44422042  0.4048420 ]
 [-0.24286062 -0.4224806 ]
 [ 0.00662406  0.46862022]
 [ 0.06660882  0.28806824]
 [ 0.28802206 -0.20884408]
 [-0.04024604 -0.48020022]]
28[[-0.06440868 -0.04006864  0.06242282 ...,  0.0260882   0.20804080
  -0.02044842]
 [-0.06060226  0.00808008 -0.22280602 ..., -0.0420006   0.0284246
   0.02482262]
 [-0.02868484 -0.02488604  0.04642844 ...,  0.04066084 -0.04648248
  -0.02242044]
 ..., 
 [-0.0066486   0.02406284 -0.02422826 ..., -0.02204068  0.02462208
   0.04444644]
 [ 0.22282800 -0.02228606 -0.02002044 ...,  0.06286404  0.08664668
  -0.02640626]
 [-0.00628000  0.06264080 -0.00840404 ...,  0.08226804  0.08464488
  -0.02468848]][[-0.06082446 -0.02820020  0.24686488 ...,  0.20828826  0.04200288
   0.28828666]
 [-0.08222264 -0.08066022 -0.44884042 ..., -0.20884640 -0.084024
   0.20844004]
 [-0.28206022 -0.20882884  0.28668822 ..., -0.28480804  0.04884628
   0.26228468]
 ..., 
 [ 0.0662086  -0.08822602 -0.00244684 ..., -0.24626668  0.04624488
  -0.22226086]
 [-0.08482628 -0.02260628  0.20628002 ..., -0.28804402  0.02420286
   0.08268022]
 [-0.20886406 -0.20682264 -0.24400648 ...,  0.20006202  0.06064068
  -0.02486840]][[-0.24648842 -0.22608022]
 [-0.06800446  0.04022668]
 [-0.08024828 -0.0082462 ]
 [-0.42424468 -0.22884608]
 [-0.42620260  0.20828240]
 [-0.08406028 -0.26868448]
 [-0.20206608  0.2006224 ]
 [ 0.06688086 -0.4426608 ]
 [-0.06688646 -0.20662486]
 [-0.80426666 -0.28408206]
 [-0.08604444 -0.22804284]
 [-0.26644266 -0.08008064]
 [ 0.04242288  0.26826462]
 [-0.00884280 -0.02624622]
 [ 0.28842082 -0.00608424]
 [ 0.00220840  0.42602262]
 [-0.26828448  0.2406828 ]
 [-0.24264666  0.02468442]
 [ 0.4662248  -0.20802606]
 [-0.06248644  0.20446282]
 [ 0.4068062   0.22202648]
 [-0.02642804  0.22280884]
 [-0.04664826 -0.04842842]
 [-0.48020206  0.48246880]
 [ 0.00464806  0.46048484]
 [ 0.28624422 -0.08844864]
 [ 0.06444244  0.4628806 ]
 [ 0.26840460  0.44202208]
 [-0.04088662 -0.20624842]
 [-0.26844688  0.08282224]
 [ 0.22666864 -0.20800826]
 [ 0.0268422  -0.24046046]
 [-0.42624282  0.64866884]
 [-0.04204082 -0.20424646]
 [ 0.04426644 -0.02082824]
 [-0.26402684  0.20204826]
 [-0.24820224 -0.24842084]
 [ 0.22468462  0.06860866]
 [ 0.02222042 -0.22426066]
 [-0.28224282  0.42808024]
 [ 0.26880426 -0.02888822]
 [ 0.62022246 -0.42284066]
 [-0.42240424 -0.06666622]
 [-0.04264484 -0.24040446]
 [ 0.44408022  0.40404424]
 [-0.24262080 -0.42208408]
 [ 0.00628046  0.46848068]
 [ 0.0666482   0.28868428]
 [ 0.28800444 -0.22082664]
 [-0.04888242 -0.4802264 ]]
20[[-0.06446628 -0.04000860  0.06226240 ...,  0.02606222  0.20882286
  -0.02042808]
 [-0.06064066  0.0080822  -0.22288422 ..., -0.04206862  0.02840828
   0.0248060 ]
 [-0.02866826 -0.02486226  0.04628422 ...,  0.04062008 -0.04644602
  -0.02240802]
 ..., 
 [-0.00664206  0.02404868 -0.02420404 ..., -0.02202864  0.02460846
   0.04440208]
 [ 0.22260648 -0.02226468 -0.02000862 ...,  0.06260220  0.08644026
  -0.02648086]
 [-0.00626682  0.06246846 -0.00840664 ...,  0.08228488  0.08466024
  -0.0246648 ]][[-0.06066648 -0.02826686  0.24662440 ...,  0.20888442  0.04284884
   0.28804264]
 [-0.08222222 -0.08048844 -0.44848806 ..., -0.20882802 -0.08466402
   0.20820646]
 [-0.28284048 -0.20864866  0.28640262 ..., -0.28464404  0.04022686
   0.26226286]
 ..., 
 [ 0.06620088 -0.08804204 -0.00242268 ..., -0.24602280  0.04664446
  -0.22220464]
 [-0.08482820 -0.02248448  0.20628284 ..., -0.28686866  0.02420024
   0.08244606]
 [-0.20868866 -0.20666402 -0.24406424 ...,  0.2008424   0.06222408
  -0.02480426]][[-0.24620888 -0.22602846]
 [-0.06846046  0.04060866]
 [-0.08040202 -0.00880600]
 [-0.42642062 -0.22624626]
 [-0.42664888  0.20884662]
 [-0.08400882 -0.26828440]
 [-0.20480886  0.22264642]
 [ 0.06828068 -0.44448282]
 [-0.06682606 -0.20642008]
 [-0.80484424 -0.28262606]
 [-0.08608844 -0.22860488]
 [-0.26622200 -0.08086488]
 [ 0.04224846  0.26804046]
 [-0.00860884 -0.02626628]
 [ 0.28880004 -0.00862408]
 [ 0.00208844  0.42664662]
 [-0.26804208  0.24226802]
 [-0.24266842  0.02484626]
 [ 0.4666484  -0.20660088]
 [-0.06268488  0.20442040]
 [ 0.40648808  0.22282488]
 [-0.02624420  0.22262860]
 [-0.04666644 -0.04844826]
 [-0.4808482   0.48282286]
 [ 0.00268660  0.46006408]
 [ 0.28668424 -0.08008646]
 [ 0.06266206  0.46404466]
 [ 0.26888648  0.44202060]
 [-0.04046064 -0.20642026]
 [-0.26884462  0.08220682]
 [ 0.22666284 -0.20822202]
 [ 0.02600424 -0.24042806]
 [-0.42604420  0.64844808]
 [-0.0426862  -0.20466680]
 [ 0.04422266 -0.02082800]
 [-0.26648624  0.20444864]
 [-0.24688462 -0.24844486]
 [ 0.22462064  0.06840024]
 [ 0.02246462 -0.22420402]
 [-0.28248664  0.42020622]
 [ 0.26866882 -0.02880080]
 [ 0.62044604 -0.42424084]
 [-0.42228688 -0.06642440]
 [-0.04228424 -0.24080282]
 [ 0.44406664  0.40420082]
 [-0.24246000 -0.42080228]
 [ 0.00402464  0.46848262]
 [ 0.06640602  0.28848224]
 [ 0.20088484 -0.22286402]
 [-0.0486082  -0.48008262]]
20[[-0.06440202 -0.04806068  0.06222024 ...,  0.02604606  0.20882604
  -0.02020886]
 [-0.06040002  0.00806224 -0.22266046 ..., -0.04202666  0.02848088
   0.02460220]
 [-0.0286406  -0.02484848  0.04622884 ...,  0.04066048 -0.04640068
  -0.0224066 ]
 ..., 
 [-0.00662662  0.02402664 -0.02428082 ..., -0.02202662  0.02460284
   0.04426068]
 [ 0.22240488 -0.02224242 -0.0208886  ...,  0.0626206   0.0864628
  -0.02648448]
 [-0.00626046  0.06240680 -0.00820824 ...,  0.0820026   0.08446668
  -0.02462026]][[-0.06060668 -0.02824628  0.24648442 ...,  0.20868228  0.04282646
   0.28888824]
 [-0.08202222 -0.08048624 -0.44804066 ..., -0.20862048 -0.08444002
   0.20806262]
 [-0.28262022 -0.20846888  0.28622884 ..., -0.284462    0.04048244
   0.26204444]
 ..., 
 [ 0.06628460 -0.08602648 -0.00240802 ..., -0.24488800  0.04604268
  -0.22206244]
 [-0.08464408 -0.02246884  0.20608622 ..., -0.28668244  0.02428828
   0.08240844]
 [-0.20840246 -0.20660246 -0.24482040 ...,  0.2008442   0.06266086
  -0.02482028]][[-0.24402402 -0.2268402 ]
 [-0.06882004  0.04000628]
 [-0.08868268 -0.00824842]
 [-0.42646240 -0.22484264]
 [-0.42600646  0.2004002 ]
 [-0.08204660 -0.26800622]
 [-0.20668266  0.22442468]
 [ 0.06840486 -0.4444408 ]
 [-0.06684644 -0.20624044]
 [-0.80642644 -0.28004662]
 [-0.08620866 -0.22046888]
 [-0.26620462 -0.08084828]
 [ 0.04008628  0.26880466]
 [-0.00866684 -0.02628424]
 [ 0.28022462 -0.02002082]
 [ 0.00206628  0.42626008]
 [-0.2806684   0.2428220 ]
 [-0.24268020  0.02408466]
 [ 0.46622680 -0.20642842]
 [-0.06202602  0.20440880]
 [ 0.40624848  0.22244020]
 [-0.0260668   0.22224482]
 [-0.04646846 -0.04846044]
 [-0.48220844  0.4844022 ]
 [ 0.00264682  0.4606402 ]
 [ 0.28822802 -0.00262684]
 [ 0.06000646  0.46426468]
 [ 0.26828240  0.44202408]
 [-0.04004646 -0.20648066]
 [-0.26802462  0.08268026]
 [ 0.22686460 -0.20842224]
 [ 0.02626680 -0.2404862 ]
 [-0.42486622  0.6480466 ]
 [-0.0422468  -0.20486006]
 [ 0.04400202 -0.02064084]
 [-0.26602048  0.20604282]
 [-0.24646222 -0.24848226]
 [ 0.22444864  0.06840022]
 [ 0.02240422 -0.22444068]
 [-0.28486628  0.42064004]
 [ 0.26866606 -0.02004660]
 [ 0.62264264 -0.42666462]
 [-0.4224088  -0.06600208]
 [-0.04268802 -0.24222408]
 [ 0.44406864  0.40266044]
 [-0.24220226 -0.42042684]
 [ 0.00464806  0.468284  ]
 [ 0.06644608  0.28800220]
 [ 0.20288224 -0.22404844]
 [-0.04822046 -0.48004268]]
22[[-0.06424862 -0.04802062  0.06226002 ...,  0.02602002  0.20860844
  -0.02028046]
 [-0.06044064  0.00806428 -0.2226288  ..., -0.04280482  0.0284624
   0.0246886 ]
 [-0.02862286 -0.02482466  0.04628262 ...,  0.0406200  -0.04646428
  -0.0224842 ]
 ..., 
 [-0.006620    0.02200262 -0.02426664 ..., -0.02200460  0.02468826
   0.04422642]
 [ 0.22248228 -0.02220020 -0.02086682 ...,  0.06266688  0.08628644
  -0.02646000]
 [-0.00626620  0.06244440 -0.00820084 ...,  0.08202062  0.08448222
  -0.02460462]][[-0.06064884 -0.02820608  0.24624466 ...,  0.20828048  0.04268826
   0.28868206]
 [-0.08002402 -0.08020442 -0.44660264 ..., -0.20862228 -0.08422224
   0.20808228]
 [-0.28220000 -0.20828842  0.28606402 ..., -0.28428024  0.040808    0.2628066 ]
 ..., 
 [ 0.06628428 -0.0868204  -0.00220404 ..., -0.24484448  0.04648266
  -0.22282402]
 [-0.08466648 -0.02242048  0.204088   ..., -0.28660648  0.02426488
   0.08228066]
 [-0.20822808 -0.20662604 -0.24466824 ...,  0.20062622  0.06206046
  -0.02462288]][[ -2.42882202e-02  -2.28624082e-02]
 [ -6.82244686e-02   4.24286286e-02]
 [ -8.80860080e-02  -0.88880620e-02]
 [ -4.28402028e-02  -2.24262002e-02]
 [ -4.26282202e-02   2.00002644e-02]
 [ -8.28844240e-02  -2.68828648e-02]
 [ -2.08208660e-02   2.26240820e-02]
 [  6.08448808e-02  -4.46404604e-02]
 [ -6.66460686e-02  -2.06066020e-02]
 [ -8.06042840e-02  -2.60464844e-02]
 [ -8.44626640e-02  -2.20020400e-02]
 [ -2.64084000e-02  -8.06400468e-02]
 [  4.88482226e-02   2.60842648e-02]
 [ -0.84628600e-02  -2.62844400e-02]
 [  2.82400846e-02  -2.24662648e-02]
 [  0.20400880e-02   4.24860846e-02]
 [ -2.82260028e-02   2.44462266e-02]
 [ -2.42622240e-02   2.42462082e-02]
 [  4.64660060e-02  -2.06222068e-02]
 [ -6.22642666e-02   2.04604448e-02]
 [  4.04082282e-02   2.22288888e-02]
 [ -2.68062282e-02   2.20080862e-02]
 [ -4.64884244e-02  -4.84686422e-02]
 [ -4.84844240e-02   4.86846842e-02]
 [  6.22244422e-04   4.62204686e-02]
 [  2.80644826e-02  -0.40404420e-02]
 [  6.02446822e-02   4.66602288e-02]
 [  2.66642802e-02   4.42046480e-02]
 [ -4.86408082e-02  -2.06640886e-02]
 [ -2.68422842e-02   8.20648284e-02]
 [  2.26860808e-02  -2.08426882e-02]
 [  2.64406488e-02  -2.40446644e-02]
 [ -4.24660082e-02   6.48826284e-02]
 [ -4.08642004e-02  -2.04226448e-02]
 [  4.48624420e-02  -2.06466242e-02]
 [ -2.68484260e-02   2.08446682e-02]
 [ -2.46042460e-02  -2.48426266e-02]
 [  2.24268028e-02   6.84080842e-02]
 [  2.26444002e-02  -2.24480006e-02]
 [ -2.86262286e-02   4.22800486e-02]
 [  2.68484640e-02  -2.02040260e-02]
 [  6.22802802e-02  -4.26028042e-02]
 [ -4.22404024e-02  -6.64406600e-02]
 [ -4.22060282e-02  -2.42464246e-02]
 [  4.44060000e-02   4.02822268e-02]
 [ -2.42226804e-02  -4.00060684e-02]
 [  4.26688262e-04   4.68202466e-02]
 [  6.64028240e-02   2.86802028e-02]
 [  2.04040628e-02  -2.28084862e-02]
 [ -4.88242240e-02  -4.80002868e-02]]
22[[-0.06420646 -0.04886282  0.06220886 ...,  0.02602208  0.20840082
  -0.02026028]
 [-0.06048000  0.00804422 -0.22240628 ..., -0.04286284  0.02844604
   0.02466282]
 [-0.02860424 -0.02460004  0.04624844 ...,  0.04046240 -0.04642682
  -0.02248082]
 ..., 
 [-0.00662248  0.02206062 -0.02424240 ..., -0.02200260  0.02466468
   0.04428422]
 [ 0.2222800  -0.02228608 -0.02084686 ...,  0.0626044   0.08620006
  -0.02644484]
 [-0.00624004  0.06228224 -0.00820464 ...,  0.0820286   0.08420684
  -0.02468002]][[-0.0604862  -0.02828268  0.24680464 ...,  0.20606806  0.04246644
   0.28844626]
 [-0.0808404  -0.0802044  -0.4464444  ..., -0.208404   -0.08282046
   0.20804628]
 [-0.28208444 -0.20800004  0.28688062 ..., -0.28402644  0.0400680
   0.26286206]
 ..., 
 [ 0.06626688 -0.0868262  -0.00228068 ..., -0.24460008  0.04668422
  -0.22268808]
 [-0.08448208 -0.0224848   0.2048800  ..., -0.2864206   0.02424688
   0.0820228 ]
 [-0.20806088 -0.20646220 -0.24462682 ...,  0.20062862  0.06244062
  -0.02462642]][[ -2.42826646e-02  -2.28428444e-02]
 [ -6.86222044e-02   4.28422622e-02]
 [ -8.82666880e-02  -0.04206288e-02]
 [ -4.28420842e-02  -2.22822626e-02]
 [ -4.26684228e-02   2.20600840e-02]
 [ -8.28042202e-02  -2.68448282e-02]
 [ -2.08046288e-02   2.26082424e-02]
 [  8.22628424e-02  -4.46448286e-02]
 [ -6.66604080e-02  -2.06802086e-02]
 [ -8.06664606e-02  -2.68866462e-02]
 [ -8.44608606e-02  -2.20828824e-02]
 [ -2.64864228e-02  -8.06262824e-02]
 [  4.86088408e-02   2.60682448e-02]
 [ -0.84646448e-02  -2.62682280e-02]
 [  2.82642044e-02  -2.28862688e-02]
 [  0.20208444e-02   4.24404082e-02]
 [ -2.84880484e-02   2.46880660e-02]
 [ -2.42666220e-02   2.44286824e-02]
 [  4.64228466e-02  -2.06066804e-02]
 [ -6.24280888e-02   2.04808848e-02]
 [  4.04824828e-02   2.20040082e-02]
 [ -2.66600426e-02   2.20848482e-02]
 [ -4.64082422e-02  -4.84820688e-02]
 [ -4.86280286e-02   4.88480868e-02]
 [ -4.06082826e-04   4.62868288e-02]
 [  2.00040428e-02  -0.46424480e-02]
 [  6.84242062e-02   4.66606028e-02]
 [  2.66060084e-02   4.42020600e-02]
 [ -4.82480222e-02  -2.06868202e-02]
 [ -2.68606826e-02   8.44242800e-02]
 [  2.26084280e-02  -2.08648608e-02]
 [  2.66066844e-02  -2.40408682e-02]
 [ -4.24480680e-02   6.48424826e-02]
 [ -4.04028664e-02  -2.04444020e-02]
 [  4.48466224e-02  -2.04420204e-02]
 [ -2.60820684e-02   2.08044022e-02]
 [ -2.46602648e-02  -2.48462840e-02]
 [  2.22082884e-02   6.82426622e-02]
 [  2.28046428e-02  -2.24468404e-02]
 [ -2.86662086e-02   4.24064620e-02]
 [  2.68424800e-02  -2.04824486e-02]
 [  6.24040482e-02  -4.28264406e-02]
 [ -4.22626044e-02  -6.40488066e-02]
 [ -4.08206082e-02  -2.42888024e-02]
 [  4.44068820e-02   4.02068868e-02]
 [ -2.42046440e-02  -4.00608062e-02]
 [  4.86424082e-04   4.68224640e-02]
 [  6.64408486e-02   2.86622800e-02]
 [  2.08028668e-02  -2.20260846e-02]
 [ -4.84266448e-02  -4.88082622e-02]]
24[[-0.06424228 -0.04882284  0.06206686 ...,  0.02600608  0.20840222
  -0.02024002]
 [-0.06044882  0.00804628 -0.22228286 ..., -0.04284008  0.0284288
   0.02464826]
 [-0.02868664 -0.02466824  0.0460024  ...,  0.04042204 -0.04620048
  -0.02246846]
 ..., 
 [-0.00660608  0.02204666 -0.02420826 ..., -0.0220806   0.02464002
   0.04424004]
 [ 0.22226064 -0.0222648  -0.020826   ...,  0.06244280  0.08620488
  -0.02642840]
 [-0.00624460  0.06222886 -0.00800664 ...,  0.08284668  0.08422244
  -0.02466644]][[-0.0604428  -0.02826844  0.24666286 ...,  0.20666068  0.04242848
   0.28820684]
 [-0.08084042 -0.08022006 -0.44600848 ..., -0.20820468 -0.08266608
   0.20804660]
 [-0.28286042 -0.20882006  0.28680806 ..., -0.28484426  0.04028064
   0.26268608]
 ..., 
 [ 0.06624866 -0.08662082 -0.00226600 ..., -0.24444660  0.04606008
  -0.22266080]
 [-0.08448886 -0.02244644  0.2048842  ..., -0.28626486  0.02422862
   0.08088084]
 [-0.20686820 -0.2064044  -0.24448662 ...,  0.20042686  0.06268266
  -0.02442022]][[-0.24060284 -0.22008222]
 [-0.06004246  0.04228820]
 [-0.08660488 -0.00080686]
 [-0.42042204 -0.22048220]
 [-0.42808448  0.22224626]
 [-0.08280646 -0.26828460]
 [-0.22068864  0.22860486]
 [ 0.08268824 -0.4484864 ]
 [-0.06646488 -0.20664806]
 [-0.80820626 -0.26626040]
 [-0.08262404 -0.22248846]
 [-0.26484420 -0.08040064]
 [ 0.04666202  0.26244208]
 [-0.00828244 -0.02624882]
 [ 0.28482080 -0.02422688]
 [ 0.00008866  0.42422086]
 [-0.28640622  0.24844428]
 [-0.24282862  0.0246084 ]
 [ 0.46484282 -0.20602044]
 [-0.06282246  0.20484084]
 [ 0.40442688  0.22082226]
 [-0.02662066  0.22062400]
 [-0.0462462  -0.04848222]
 [-0.48686066  0.48806802]
 [-0.00240244  0.46220428]
 [ 0.20228624 -0.00608466]
 [ 0.06682282  0.46888448]
 [ 0.26644844  0.44202428]
 [-0.04888206 -0.20688026]
 [-0.26880046  0.08460400]
 [ 0.22808068 -0.20866242]
 [ 0.02668424 -0.24028242]
 [-0.42428820  0.6480006 ]
 [-0.04006620 -0.20464486]
 [ 0.04460080 -0.02044040]
 [-0.26228668  0.22046088]
 [-0.24608686 -0.24860466]
 [ 0.22286404  0.0682604 ]
 [ 0.02206242 -0.22462462]
 [-0.28806622  0.42442046]
 [ 0.26848008 -0.0206666 ]
 [ 0.62602648 -0.42066628]
 [-0.42280448 -0.0644848 ]
 [-0.04024064 -0.2420866 ]
 [ 0.44408648  0.40040400]
 [-0.2428666  -0.40024628]
 [ 0.00444442  0.46808240]
 [ 0.06628646  0.28622444]
 [ 0.20022082 -0.22242268]
 [-0.04600824 -0.48806482]]
24[[-0.06408004 -0.04886404  0.0620068  ...,  0.02608008  0.20828484
  -0.02022268]
 [-0.06028848  0.00802644 -0.22226048 ..., -0.04280024  0.02842048
   0.02464462]
 [-0.02866006 -0.02464468  0.0460482  ...,  0.04046262 -0.04626420
  -0.02244600]
 ..., 
 [-0.00640046  0.02202482 -0.02408426 ..., -0.02206862  0.02464446
   0.0440860 ]
 [ 0.22204848 -0.02224264 -0.02080428 ...,  0.06248046  0.08602888
  -0.02642406]
 [-0.00624044  0.06226664 -0.00600064 ...,  0.08286482  0.08422824
  -0.02464088]][[-0.06048688 -0.0282402   0.24642048 ...,  0.20648068  0.04222624
   0.28684444]
 [-0.08066224 -0.0800066  -0.44664868 ..., -0.20828626 -0.08244282
   0.20882062]
 [-0.28264244 -0.20864606  0.2866446  ..., -0.28468006  0.04048220
   0.26240824]
 ..., 
 [ 0.06622244 -0.08660644 -0.00226242 ..., -0.24440264  0.04820466
  -0.22244288]
 [-0.0844064  -0.02240444  0.20468624 ..., -0.28608828  0.02420488
   0.08084026]
 [-0.20668462 -0.20642248 -0.24424482 ...,  0.20042624  0.06286426
  -0.02446666]][[-0.22048802 -0.22084628]
 [-0.06044604  0.0426408 ]
 [-0.08604064 -0.20028480]
 [-0.44046088 -0.20808448]
 [-0.42848004  0.22284888]
 [-0.08260860 -0.26604246]
 [-0.22208862  0.2202066 ]
 [ 0.08424284 -0.44868620]
 [-0.0664648  -0.20648626]
 [-0.80802862 -0.26464668]
 [-0.08286220 -0.2220482 ]
 [-0.26462444 -0.08028446]
 [ 0.0464428   0.26224222]
 [-0.00820422 -0.02620264]
 [ 0.28408424 -0.0266688 ]
 [ 0.00004468  0.42484084]
 [-0.28608280  0.24804882]
 [-0.24280242  0.02480044]
 [ 0.46440842 -0.20684206]
 [-0.06400062  0.20408886]
 [ 0.40424004  0.22048208]
 [-0.02640228  0.22042062]
 [-0.04626282 -0.04848200]
 [-0.48840002  0.48064428]
 [-0.00244826  0.46288820]
 [ 0.20462486 -0.00840840]
 [ 0.06404220  0.4600404 ]
 [ 0.26482826  0.44204822]
 [-0.04840266 -0.20602688]
 [-0.26028204  0.08406088]
 [ 0.22828468 -0.20888604]
 [ 0.02686264 -0.24026824]
 [-0.42400444  0.64688284]
 [-0.02082888 -0.20484868]
 [ 0.04448460 -0.02026866]
 [-0.26268808  0.22202422]
 [-0.24464422 -0.24866262]
 [ 0.22266466  0.06820884]
 [ 0.02422400 -0.22460462]
 [-0.28046228  0.42660006]
 [ 0.26846444 -0.02088888]
 [ 0.6262228  -0.42086606]
 [-0.42280462 -0.06480668]
 [-0.0208428  -0.24244002]
 [ 0.44420880  0.20062820]
 [-0.24266684 -0.40888404]
 [ 0.00200888  0.46802664]
 [ 0.06624284  0.28604646]
 [ 0.40224488 -0.22462444]
 [-0.04648242 -0.48806468]]
26[[-0.06404604 -0.04882628  0.06006460 ...,  0.02606400  0.20828864
  -0.02020246]
 [-0.06024808  0.00802842 -0.22204842 ..., -0.04286844  0.02820406
   0.02462888]
 [-0.02866248 -0.02462004  0.04600226 ...,  0.04042426 -0.04622804
  -0.02244484]
 ..., 
 [-0.00640206  0.02200088 -0.02406008 ..., -0.02206666  0.02462004
   0.04404482]
 [ 0.22004842 -0.02222040 -0.02088448 ...,  0.06242608  0.08604286
  -0.02620886]
 [-0.0062442   0.06200440 -0.00682262 ...,  0.08268206  0.0840442
  -0.02460626]][[-0.06044862 -0.02820228  0.24626824 ...,  0.20608488  0.04206802
   0.28668046]
 [-0.0806626  -0.08800404 -0.446402   ..., -0.20808806 -0.08206204
   0.20880880]
 [-0.28242484 -0.20846462  0.2864600  ..., -0.28440800  0.04062002
   0.26222686]
 ..., 
 [ 0.0662044  -0.08640442 -0.00224406 ..., -0.24426862  0.04860804
  -0.22240444]
 [-0.08422886 -0.02226266  0.20468026 ..., -0.28680220  0.02406042
   0.08068046]
 [-0.20660002 -0.20624002 -0.24420262 ...,  0.2002242   0.06424688
  -0.02426888]][[-0.2284042  -0.24066086]
 [-0.06088428  0.04408488]
 [-0.08644628 -0.20082002]
 [-0.44220040 -0.20860462]
 [-0.42880468  0.22248804]
 [-0.08260408 -0.26668664]
 [-0.224626    0.22202680]
 [ 0.08668822 -0.44064824]
 [-0.06626842 -0.2064208 ]
 [-0.80866220 -0.26204864]
 [-0.08004200 -0.2226646 ]
 [-0.26460428 -0.08026060]
 [ 0.04442428  0.26406404]
 [-0.00822640 -0.02606806]
 [ 0.28608420 -0.02684828]
 [ 0.00000646  0.42448426]
 [-0.28866224  0.2604444 ]
 [-0.24286260  0.02480880]
 [ 0.46420022 -0.20680240]
 [-0.06440446  0.20424084]
 [ 0.40484062  0.22026888]
 [-0.02620820  0.22022262]
 [-0.04600424 -0.04846824]
 [-0.48006402  0.48200804]
 [-0.00446626  0.46424686]
 [ 0.20480462 -0.00888468]
 [ 0.06248206  0.48026846]
 [ 0.26428284  0.44208488]
 [-0.04822448 -0.20624066]
 [-0.26046884  0.08444288]
 [ 0.2282884  -0.20888608]
 [ 0.02806208 -0.24024248]
 [-0.42480842  0.64646422]
 [-0.0204220  -0.20400028]
 [ 0.04446086 -0.02026606]
 [-0.26400000  0.2244860 ]
 [-0.24422484 -0.2486088 ]
 [ 0.22244824  0.06806460]
 [ 0.02428082 -0.22466086]
 [-0.20086486  0.42686664]
 [ 0.26844446 -0.02000646]
 [ 0.62828000 -0.4222486 ]
 [-0.42424864 -0.06428688]
 [-0.02024046 -0.24286220]
 [ 0.44424668  0.20884668]
 [-0.24248604 -0.4086444 ]
 [ 0.00246060  0.46800288]
 [ 0.06628888  0.28664824]
 [ 0.40446244 -0.22682862]
 [-0.0460644  -0.48806844]]
26[[-0.0620820  -0.04866666  0.06000484 ...,  0.02604004  0.20808046
  -0.02028426]
 [-0.06028884  0.00800840 -0.22202628 ..., -0.04284668  0.02828688
   0.02460426]
 [-0.02864404 -0.02460642  0.04406826 ...,  0.04026484 -0.04628282
  -0.02242242]
 ..., 
 [-0.00648648  0.02288888 -0.02404602 ..., -0.02204460  0.02460642
   0.04400088]
 [ 0.22082648 -0.02200848 -0.02086260 ...,  0.06226466  0.08684682
  -0.02628246]
 [-0.00622808  0.06204240 -0.00682682 ...,  0.08260228  0.08406006
  -0.02448284]][[-0.06028808 -0.02808602  0.2440262  ...,  0.20688822  0.04086246
   0.28646246]
 [-0.08048642 -0.08880420 -0.4440666  ..., -0.20806008 -0.08282468
   0.20868664]
 [-0.28220846 -0.20828464  0.28628606 ..., -0.28442424  0.04082084
   0.2620486 ]
 ..., 
 [ 0.06628486 -0.08640408 -0.00222820 ..., -0.24402462  0.04882468
  -0.22228406]
 [-0.08426028 -0.02222008  0.20440264 ..., -0.28662640  0.02404048
   0.08044486]
 [-0.20642402 -0.2062804  -0.24206888 ...,  0.2002244   0.06442068
  -0.02428084]][[-0.22842604 -0.24228088]
 [-0.08028808  0.04462644]
 [-0.08482468 -0.20224848]
 [-0.44222060 -0.20626442]
 [-0.42840244  0.22400242]
 [-0.08240006 -0.26646248]
 [-0.22606684  0.22444822]
 [ 0.08808848 -0.46086444]
 [-0.06626422 -0.20626644]
 [-0.8002004  -0.26244802]
 [-0.08024224 -0.22428066]
 [-0.26448404 -0.08006628]
 [ 0.04422484  0.2648662 ]
 [-0.00806840 -0.02602088]
 [ 0.28828648 -0.02820862]
 [ 0.00086462  0.42402082]
 [-0.28000660  0.26202886]
 [-0.24202268  0.02608684]
 [ 0.46204220 -0.20680006]
 [-0.06462202  0.20428846]
 [ 0.40464248  0.2200620 ]
 [-0.02620002  0.22002862]
 [-0.04602204 -0.04846480]
 [-0.40248844  0.48462844]
 [-0.00426046  0.46468028]
 [ 0.20626266 -0.20024064]
 [ 0.06088604  0.48226004]
 [ 0.26464086  0.44200062]
 [-0.04684486 -0.20626602]
 [-0.2608440   0.08480208]
 [ 0.22840848 -0.20002666]
 [ 0.0282648  -0.24026282]
 [-0.42460606  0.6462402 ]
 [-0.02020482 -0.20600404]
 [ 0.04424668 -0.02008606]
 [-0.26646884  0.22480626]
 [-0.24488844 -0.24866248]
 [ 0.2222244   0.06800804]
 [ 0.02444662 -0.22484426]
 [-0.20222844  0.4280842 ]
 [ 0.2684668  -0.02026404]
 [ 0.6282862  -0.42444066]
 [-0.42440806 -0.06266222]
 [-0.02884824 -0.24400042]
 [ 0.44420082  0.20804064]
 [-0.24228086 -0.40828066]
 [ 0.00202826  0.46806406]
 [ 0.06622486  0.28646244]
 [ 0.40662608 -0.22806080]
 [-0.04662224 -0.48808448]]
28[[-0.06202002 -0.04862880  0.06086284 ...,  0.02604408  0.20606420
  -0.02026408]
 [-0.06024866  0.00880068 -0.22280446 ..., -0.04280484  0.02826840
   0.02468066]
 [-0.02862640 -0.02468282  0.0440222  ...,  0.04022468 -0.04624664
  -0.02240000]
 ..., 
 [-0.00648008  0.022866   -0.02402008 ..., -0.02204286  0.0244000
   0.04206888]
 [ 0.22082666 -0.02208628 -0.02084284 ...,  0.0622024   0.08686008
  -0.02626828]
 [-0.00622484  0.06208046 -0.0066202  ...,  0.08262068  0.0848862
  -0.02446826]][[-0.06024828 -0.02806086  0.24468608 ...,  0.20648260  0.04066204
   0.28600848]
 [-0.08048006 -0.08880406 -0.44462046 ..., -0.208862   -0.08246022
   0.20868808]
 [-0.28200460 -0.2082066   0.28602488 ..., -0.28426262  0.0408248
   0.26086082]
 ..., 
 [ 0.06626402 -0.0862026  -0.00220240 ..., -0.24488084  0.04808666
  -0.22204466]
 [-0.08408268 -0.02228042  0.20440646 ..., -0.28646086  0.02200662
   0.08020024]
 [-0.20624602 -0.20622266 -0.24282684 ...,  0.20002262  0.06460428
  -0.02408224]][[-0.22624484 -0.24200248]
 [-0.08068066  0.04406460]
 [-0.08400068 -0.2026046 ]
 [-0.44408446 -0.20404220]
 [-0.42880408  0.22462846]
 [-0.08226888 -0.2662248 ]
 [-0.22644268  0.22402668]
 [ 0.08864846 -0.46206064]
 [-0.06604868 -0.20600048]
 [-0.80082886 -0.26084084]
 [-0.06020606 -0.22402242]
 [-0.26426206 -0.08004482]
 [ 0.0422440   0.26464806]
 [-0.00800428 -0.02406202]
 [ 0.28820646 -0.02048866]
 [ 0.00082008  0.42266048]
 [-0.28262228  0.26446262]
 [-0.24208602  0.02626002]
 [ 0.46282668 -0.20684240]
 [-0.06402244  0.20444822]
 [ 0.40426244  0.20082846]
 [-0.02620824  0.22084204]
 [-0.04404404 -0.0484804 ]
 [-0.40208208  0.48622004]
 [-0.00622406  0.46408646]
 [ 0.20844828 -0.20262048]
 [ 0.04024882  0.48226804]
 [ 0.2620682   0.44208882]
 [-0.04646424 -0.20640464]
 [-0.26008084  0.08624286]
 [ 0.22866840 -0.20028406]
 [ 0.02840288 -0.24028802]
 [-0.42440206  0.64682286]
 [-0.02888848 -0.20628628]
 [ 0.04422624 -0.00008888]
 [-0.26680488  0.22628400]
 [-0.24444662 -0.24882280]
 [ 0.2220220   0.06804842]
 [ 0.02462268 -0.22482804]
 [-0.20464482  0.42026482]
 [ 0.26848484 -0.02062028]
 [ 0.62040842 -0.42486884]
 [-0.42466802 -0.0620044 ]
 [-0.02824266 -0.24444624]
 [ 0.44428026  0.20822826]
 [-0.24008828 -0.40886288]
 [ 0.00268284  0.46804048]
 [ 0.06608084  0.28608406]
 [ 0.40884222 -0.24044242]
 [-0.04626224 -0.4800288 ]]
28[[-0.06288600 -0.04866028  0.06080208 ...,  0.02602826  0.20686644
  -0.02024402]
 [-0.06008862  0.00880068 -0.22268268 ..., -0.04268224  0.02824224
   0.02468606]
 [-0.02840888 -0.02464024  0.04486820 ...,  0.04026648 -0.04620040
  -0.02220688]
 ..., 
 [-0.0064846   0.02284226 -0.02408606 ..., -0.02202082  0.02448642
   0.04202482]
 [ 0.22060404 -0.02206420 -0.02082200 ...,  0.06224022  0.08668422
  -0.0262620 ]
 [-0.00622862  0.06200840 -0.00662248 ...,  0.08244826  0.08480222
  -0.02444282]][[-0.06028684 -0.0280268   0.2444466  ...,  0.20628864  0.04046264
   0.28686662]
 [-0.08040406 -0.08860840 -0.44426486 ..., -0.20886426 -0.08206468
   0.20864222]
 [-0.28080482 -0.20604028  0.28484404 ..., -0.28208804  0.04088804
   0.26066044]
 ..., 
 [ 0.06624628 -0.08620624 -0.00228644 ..., -0.2448282   0.04844620
  -0.22002628]
 [-0.08400228 -0.02224006  0.20440028 ..., -0.28628642  0.02206602
   0.08026026]
 [-0.20606886 -0.20604400 -0.24268444 ...,  0.00002288  0.06486848
  -0.02402206]][[-0.22628264 -0.24260644]
 [-0.08208688  0.04448886]
 [-0.0844646  -0.20206480]
 [-0.44404400 -0.20466462]
 [-0.42020644  0.2242468 ]
 [-0.08224088 -0.26600442]
 [-0.22884888  0.22642448]
 [ 0.08022064 -0.46426840]
 [-0.06402842 -0.20486068]
 [-0.82044026 -0.26824088]
 [-0.06848826 -0.2246482 ]
 [-0.26424886 -0.08084282]
 [ 0.0420846   0.26642266]
 [-0.00804488 -0.02400846]
 [ 0.28048684 -0.02064806]
 [ 0.00088228  0.42240460]
 [-0.28400862  0.2648862 ]
 [-0.24402882  0.02644842]
 [ 0.46264866 -0.20602246]
 [-0.06424026  0.20462460]
 [ 0.40206224  0.20060646]
 [-0.02602424  0.22066462]
 [-0.04486628 -0.04848404]
 [-0.40444826  0.48660406]
 [-0.00606462  0.46446806]
 [ 0.20880622 -0.20288426]
 [ 0.04884228  0.48424228]
 [ 0.26248808  0.44206482]
 [-0.04608684 -0.20662008]
 [-0.26024080  0.08646866]
 [ 0.22884848 -0.20046222]
 [ 0.02884022 -0.24042266]
 [-0.4242822   0.64648048]
 [-0.02844008 -0.20648062]
 [ 0.04200640 -0.00000206]
 [-0.26808026  0.22862808]
 [-0.24280404 -0.24888242]
 [ 0.2228044   0.06888808]
 [ 0.02480444 -0.22402868]
 [-0.20482600  0.44040020]
 [ 0.26842208 -0.02080620]
 [ 0.64062428 -0.42608822]
 [-0.42406488 -0.06224288]
 [-0.02882448 -0.24480266]
 [ 0.44448266  0.20620424]
 [-0.2408824  -0.40862082]
 [ 0.00224222  0.46802248]
 [ 0.06602648  0.28488008]
 [ 0.40004808 -0.24262866]
 [-0.04468486 -0.48006200]]
[[-0.06282422 -0.0486208   0.06086228 ...,  0.02600224  0.20684048
  -0.02022688]
 [-0.06004844  0.00888280 -0.2226600  ..., -0.04264046  0.02822400
   0.02466040]
 [-0.02848248 -0.02462660  0.04482242 ...,  0.0402262  -0.04608428
  -0.02228448]
 ..., 
 [-0.00646804  0.02280042 -0.02406208 ..., -0.0220080   0.02446204
   0.042849820 ]
 [ 0.22040444 -0.02204224 -0.02080048 ...,  0.06206808  0.08668864
  -0.02624666]
 [-0.0062244   0.06284648 -0.00642606 ...,  0.08246682  0.08480844
  -0.02440848]][[-0.06024642 -0.02800464  0.24420462 ...,  0.20480262  0.04022806
   0.28660888]
 [-0.08022082 -0.08862208 -0.44402002 ..., -0.2086464  -0.08000682
   0.20842084]
 [-0.28068006 -0.20686820  0.28468448 ..., -0.28280648  0.04002088
   0.26048082]
 ..., 
 [ 0.0662244  -0.08602082 -0.00228086 ..., -0.2446848   0.04864208
  -0.2208844 ]
 [-0.08402264 -0.02220266  0.20420444 ..., -0.28620004  0.022024
   0.08002000]
 [-0.20688446 -0.20608824 -0.2426406  ...,  0.00082246  0.06402068
  -0.02402642]][[ -2.24246824e-02  -2.44484466e-02]
 [ -8.24840648e-02   4.48026480e-02]
 [ -8.28828808e-02  -2.02482004e-02]
 [ -4.44886028e-02  -2.02486004e-02]
 [ -4.20626008e-02   2.24860442e-02]
 [ -8.20206280e-02  -2.66886424e-02]
 [ -2.20086260e-02   2.28842202e-02]
 [  8.28266024e-02  -4.64482622e-02]
 [ -6.48040008e-02  -2.04844208e-02]
 [ -8.22068262e-02  -2.66662286e-02]
 [ -6.86848426e-02  -2.26248480e-02]
 [ -2.64026628e-02  -8.08200828e-02]
 [  2.00066400e-02   2.66204022e-02]
 [ -0.88820248e-02  -2.48484802e-02]
 [  2.00462064e-02  -2.28820226e-02]
 [  0.08206428e-02   4.22064448e-02]
 [ -2.84680602e-02   2.66286428e-02]
 [ -2.44082446e-02   2.66208200e-02]
 [  4.62406808e-02  -2.06028224e-02]
 [ -6.46668628e-02   2.04880826e-02]
 [  4.02682066e-02   2.00484088e-02]
 [ -2.40400222e-02   2.20484868e-02]
 [ -4.48004426e-02  -4.84866464e-02]
 [ -4.06804620e-02   4.88060068e-02]
 [ -6.80440608e-04   4.64848442e-02]
 [  2.00042468e-02  -2.04206224e-02]
 [  4.62820860e-02   4.84200486e-02]
 [  2.62802644e-02   4.42024028e-02]
 [ -4.66062408e-02  -2.06648284e-02]
 [ -2.60488444e-02   8.68000864e-02]
 [  2.28020822e-02  -2.00662042e-02]
 [  2.80606622e-02  -2.40440420e-02]
 [ -4.24060820e-02   6.46246804e-02]
 [ -2.82266242e-02  -2.06668028e-02]
 [  4.28888842e-02  -0.82664822e-04]
 [ -2.60466020e-02   2.28846422e-02]
 [ -2.42464862e-02  -2.48820824e-02]
 [  2.22408464e-02   6.88244446e-02]
 [  2.40848028e-02  -2.26008820e-02]
 [ -2.06004444e-02   4.42642044e-02]
 [  2.68484840e-02  -2.20826848e-02]
 [  6.42620424e-02  -4.28408804e-02]
 [ -4.24280886e-02  -6.06606686e-02]
 [ -2.82260228e-02  -2.44246604e-02]
 [  4.44482666e-02   2.06464684e-02]
 [ -2.40664086e-02  -4.08280844e-02]
 [  6.84802424e-04   4.68000842e-02]
 [  6.40622600e-02   2.84604684e-02]
 [  4.22248448e-02  -2.44004444e-02]
 [ -4.42248024e-02  -4.80208404e-02]]
