0[[-0.05437923 -0.04994913  0.05224527 ...,  0.01636935  0.10989213
  -0.01968882]
 [-0.05151051  0.00914327 -0.1251293  ..., -0.03257194  0.01773106
   0.01498914]
 [-0.01799602 -0.02421817  0.04614197 ...,  0.05056216 -0.03713526
  -0.01264613]
 ..., 
 [-0.00665742  0.02348081 -0.02466843 ..., -0.01225846  0.01488769
   0.04413403]
 [ 0.11374723 -0.02268076 -0.02130978 ...,  0.06389533  0.08810822
  -0.01568521]
 [-0.00536677  0.06366721 -0.09926469 ...,  0.08375182  0.08617276
  -0.02512694]][[ -6.33611382e-02  -2.60699395e-02   2.47170720e-01 ...,   3.78137135e-01
    2.23526449e-02   1.79366689e-01]
 [ -7.31256088e-02  -7.97756441e-02  -3.50360972e-01 ...,  -3.72871118e-02
   -6.37633495e-02   2.04354992e-01]
 [ -1.80060932e-01  -2.00173551e-01   1.87194112e-01 ...,  -1.11543944e-01
    3.21214920e-02   1.52496875e-01]
 ..., 
 [  6.93949475e-02  -8.68399061e-02   2.37514919e-03 ...,  -8.04431846e-02
    4.06482969e-02  -1.14879961e-01]
 [ -7.10007050e-02  -1.98204818e-02   1.12065518e-01 ...,  -1.34917551e-01
   -1.21704491e-03   7.83425557e-02]
 [ -1.95759853e-01  -1.03071266e-01  -1.30930817e-01 ...,   2.15888428e-01
    2.22999503e-04  -4.51263537e-02]][[-0.16259307 -0.20545338]
 [-0.03246407  0.00499614]
 [-0.09721844 -0.08328758]
 [-0.32275595 -0.12726459]
 [-0.34002021  0.11904611]
 [-0.07741963 -0.28061526]
 [-0.13407732  0.04005555]
 [-0.11895047 -0.26458362]
 [-0.06823842 -0.19893027]
 [-0.52158278 -0.47452406]
 [-0.0776385  -0.12087062]
 [-0.16193249 -0.07868519]
 [ 0.0524638   0.25245574]
 [-0.10402862 -0.0120205 ]
 [ 0.1356274   0.03790527]
 [ 0.25454874  0.15997968]
 [-0.120171    0.19388495]
 [-0.15884191  0.02763807]
 [ 0.36504571 -0.10112864]
 [-0.05800888  0.21265537]
 [ 0.32744437  0.19968532]
 [-0.06158503  0.15879989]
 [-0.06075125 -0.01456963]
 [-0.33142004  0.32335392]
 [ 0.13576998  0.33575856]
 [ 0.10178129 -0.00322775]
 [ 0.0668492   0.46893533]
 [ 0.22518203  0.39631795]
 [-0.08259703 -0.17707232]
 [-0.09009486  0.00291434]
 [ 0.05222919 -0.04361609]
 [-0.03477772 -0.17356   ]
 [-0.09260145  0.2182715 ]
 [-0.16024208  0.02250765]
 [ 0.05513935 -0.02110481]
 [-0.17669157  0.12468367]
 [-0.19805668 -0.19445172]
 [ 0.23668231  0.04055789]
 [ 0.0551729  -0.14887664]
 [ 0.02856864  0.11086751]
 [ 0.22681569  0.01653461]
 [ 0.40301057 -0.19276647]
 [-0.33165109 -0.05420493]
 [-0.03961009 -0.1264936 ]
 [ 0.46232953  0.29937875]
 [-0.25233479 -0.30125035]
 [ 0.1753903   0.30698812]
 [ 0.13561463  0.21384482]
 [ 0.13769664 -0.05818879]
 [-0.04842603 -0.38735951]]
1[[-0.05432485 -0.04989918  0.05219302 ...,  0.01635299  0.10978224
  -0.01966913]
 [-0.051459    0.00913412 -0.12500417 ..., -0.03253937  0.01771333
   0.01497415]
 [-0.01797803 -0.02419396  0.04609583 ...,  0.0505116  -0.03709813
  -0.01263349]
 ..., 
 [-0.00665076  0.02345733 -0.02464377 ..., -0.0122462   0.0148728
   0.04408989]
 [ 0.11363349 -0.02265808 -0.02128847 ...,  0.06383144  0.08802012
  -0.01566953]
 [-0.00536141  0.06360355 -0.09916542 ...,  0.08366807  0.08608659
  -0.02510182]][[-0.0624779  -0.02644817  0.2464081  ...,  0.37307324  0.03063621
   0.18376717]
 [-0.07188863 -0.08002404 -0.35020154 ..., -0.04151508 -0.0588898
   0.20849354]
 [-0.17879566 -0.20036313  0.18645367 ..., -0.11710498  0.04297396
   0.15923994]
 ..., 
 [ 0.07046879 -0.08710294  0.00212314 ..., -0.08348234  0.04573506
  -0.11181048]
 [-0.06979563 -0.02026295  0.11152208 ..., -0.13867596  0.00661947
   0.08290514]
 [-0.19389666 -0.10337591 -0.13121858 ...,  0.20706531  0.01776637
  -0.03674358]][[-0.12062113 -0.24705727]
 [-0.01791838 -0.00952209]
 [-0.06618265 -0.11414286]
 [-0.31092508 -0.13864544]
 [-0.32784     0.10708687]
 [-0.07744605 -0.28023081]
 [-0.0910676  -0.00286015]
 [ 0.01557424 -0.3987248 ]
 [-0.06332469 -0.20357683]
 [-0.49091519 -0.50419554]
 [-0.04970546 -0.14860515]
 [-0.15976908 -0.08060799]
 [ 0.08040703  0.22420759]
 [-0.09793851 -0.01799457]
 [ 0.17484334 -0.00148421]
 [ 0.37597831  0.03813558]
 [-0.1071546   0.18079484]
 [-0.12238531 -0.00868732]
 [ 0.41620378 -0.15255062]
 [-0.0483727   0.20286455]
 [ 0.34903344  0.17756912]
 [-0.04489979  0.14201744]
 [-0.03588635 -0.0393592 ]
 [-0.2254156   0.21735754]
 [ 0.1962998   0.27475721]
 [ 0.14499911 -0.04654412]
 [ 0.12167067  0.41357808]
 [ 0.25990738  0.3609711 ]
 [ 0.01328272 -0.2726924 ]
 [-0.02422757 -0.06286576]
 [ 0.14970332 -0.14109884]
 [ 0.0166083  -0.22473768]
 [ 0.02621594  0.09932844]
 [ 0.01042295 -0.14801965]
 [ 0.05570131 -0.02170081]
 [-0.13238235  0.08042645]
 [-0.16788652 -0.22422936]
 [ 0.24648935  0.03047361]
 [ 0.08851378 -0.18212382]
 [ 0.12660369  0.01269302]
 [ 0.26434274 -0.02123578]
 [ 0.51208476 -0.3020509 ]
 [-0.29226468 -0.09320549]
 [-0.02724055 -0.13869703]
 [ 0.49403737  0.26690921]
 [-0.10221739 -0.45081416]
 [ 0.31502944  0.16686661]
 [ 0.34085894  0.00825105]
 [ 0.21457372 -0.13514538]
 [-0.03712938 -0.39822038]]
2[[-0.05427053 -0.04984928  0.05214083 ...,  0.01633663  0.10967245
  -0.01964946]
 [-0.05140754  0.00912499 -0.12487917 ..., -0.03250683  0.01769561
   0.01495918]
 [-0.01796005 -0.02416976  0.04604973 ...,  0.05046109 -0.03706103
  -0.01262085]
 ..., 
 [-0.00664411  0.02343387 -0.02461912 ..., -0.01223396  0.01485793
   0.0440458 ]
 [ 0.11351985 -0.02263542 -0.02126718 ...,  0.06376761  0.0879321
  -0.01565386]
 [-0.00535605  0.06353994 -0.09906626 ...,  0.0835844   0.08600051
  -0.02507671]][[ -6.85562235e-02  -2.59974006e-02   2.43403482e-01 ...,   3.30607679e-01
    1.87345720e-02   1.77803342e-01]
 [ -8.09524380e-02  -7.94709494e-02  -3.52024187e-01 ...,  -1.04664227e-01
   -7.21184506e-02   2.00386073e-01]
 [ -1.83985734e-01  -1.99965088e-01   1.82346737e-01 ...,  -1.67134291e-01
    2.58412530e-02   1.49733057e-01]
 ..., 
 [  5.77792996e-02  -8.63570887e-02  -2.22829332e-05 ...,  -1.41410925e-01
    3.88415628e-02  -1.15356629e-01]
 [ -7.35594351e-02  -2.00247393e-02   1.09971638e-01 ...,  -1.54535022e-01
   -1.13821097e-03   7.79320950e-02]
 [ -1.95709002e-01  -1.03240011e-01  -1.31737548e-01 ...,   1.95171731e-01
    9.50919626e-03  -4.11339427e-02]][[-0.20824135 -0.15906938]
 [-0.08015635  0.05274333]
 [-0.11896446 -0.06118072]
 [-0.32998395 -0.119137  ]
 [-0.34375077  0.1232184 ]
 [-0.08156602 -0.27575316]
 [-0.21672997  0.12289615]
 [-0.08264082 -0.30012658]
 [-0.06916536 -0.19746926]
 [-0.84929531 -0.14482032]
 [-0.10433536 -0.09377694]
 [-0.16037189 -0.0797648 ]
 [ 0.02545362  0.27885638]
 [-0.11701071  0.00119357]
 [ 0.11774497  0.0554408 ]
 [ 0.00762235  0.40607743]
 [-0.17969004  0.25325664]
 [-0.22728742  0.09634587]
 [ 0.32458947 -0.06119996]
 [-0.07847939  0.23281675]
 [ 0.2932889   0.23278706]
 [-0.05538826  0.15240879]
 [-0.06552323 -0.00964708]
 [-0.54459593  0.53654593]
 [-0.06834541  0.53893136]
 [ 0.1149724  -0.01661586]
 [ 0.0510265   0.483687  ]
 [ 0.23895993  0.38129767]
 [-0.17220356 -0.08694671]
 [-0.21315913  0.1261529 ]
 [ 0.03506575 -0.02646987]
 [-0.03631317 -0.17160808]
 [-0.56695946  0.6923783 ]
 [-0.10611952 -0.03133958]
 [ 0.04646915 -0.01250265]
 [-0.31254678  0.26064285]
 [-0.20030576 -0.19141801]
 [ 0.20739729  0.06928871]
 [-0.01025089 -0.08326554]
 [-0.29680097  0.43595839]
 [ 0.20914952  0.03371433]
 [ 0.37899474 -0.16917092]
 [-0.40377841  0.01869371]
 [-0.03517468 -0.13059697]
 [ 0.42152749  0.33865813]
 [-0.35150421 -0.20097432]
 [-0.03526815  0.5166823 ]
 [-0.03679993  0.38556082]
 [ 0.16189406 -0.08254515]
 [-0.05385409 -0.38106031]]
3[[-0.05421625 -0.04979943  0.05208869 ...,  0.0163203   0.10956278
  -0.01962981]
 [-0.05135613  0.00911587 -0.12475429 ..., -0.03247432  0.01767792
   0.01494422]
 [-0.01794209 -0.02414559  0.04600368 ...,  0.05041062 -0.03702397
  -0.01260823]
 ..., 
 [-0.00663746  0.02341044 -0.0245945  ..., -0.01222172  0.01484307
   0.04400176]
 [ 0.11340633 -0.02261278 -0.02124591 ...,  0.06370384  0.08784416
  -0.0156382 ]
 [-0.00535069  0.0634764  -0.09896719 ...,  0.08350082  0.0859145
  -0.02505164]][[-0.07006871 -0.02811712  0.24071361 ...,  0.30274988  0.04056816
   0.18606897]
 [-0.08207755 -0.08130777 -0.35257679 ..., -0.11062882 -0.06672702
   0.20476233]
 [-0.1856087  -0.20195907  0.17987635 ..., -0.17731832  0.04369907
   0.15723446]
 ..., 
 [ 0.05600225 -0.0889731  -0.00110087 ..., -0.1473361   0.04737662
  -0.11165905]
 [-0.0758483  -0.02284329  0.10705484 ..., -0.17973066  0.02255315
   0.08702811]
 [-0.19962688 -0.10742804 -0.13573798 ...,  0.10224872  0.07576927
  -0.01796978]][[-0.14401739 -0.22292602]
 [-0.05283714  0.02545153]
 [-0.06951136 -0.11045368]
 [-0.30495146 -0.14372037]
 [-0.32128139  0.10096955]
 [-0.08059141 -0.27637045]
 [-0.15119414  0.05745415]
 [ 0.12923666 -0.5116213 ]
 [-0.05890966 -0.20745833]
 [-0.79741842 -0.19570309]
 [-0.07325439 -0.1246598 ]
 [-0.15657702 -0.08331953]
 [ 0.06897291  0.23503278]
 [-0.09484711 -0.02085422]
 [ 0.16732168  0.00569091]
 [ 0.09191406  0.32137202]
 [-0.13270225  0.20619529]
 [-0.12536468 -0.00544593]
 [ 0.42420105 -0.16107493]
 [-0.04744497  0.20162799]
 [ 0.32293502  0.20261487]
 [-0.0303095   0.12723301]
 [-0.03354408 -0.04155106]
 [-0.34929885  0.34125691]
 [ 0.01905728  0.45105808]
 [ 0.19749356 -0.09923538]
 [ 0.11452514  0.41965364]
 [ 0.29044733  0.32919001]
 [-0.05210828 -0.20678284]
 [-0.15172143  0.0648022 ]
 [ 0.13870131 -0.13011403]
 [ 0.04792912 -0.25564245]
 [-0.42649366  0.55178707]
 [-0.03199439 -0.10532725]
 [ 0.04869845 -0.01476591]
 [-0.22790034  0.17604831]
 [-0.12435766 -0.26697438]
 [ 0.22737756  0.04903175]
 [ 0.03166868 -0.12509159]
 [-0.26551157  0.40452983]
 [ 0.28789963 -0.04527865]
 [ 0.57555783 -0.36594383]
 [-0.30337484 -0.08132477]
 [-0.01342906 -0.15217682]
 [ 0.4608078   0.29861764]
 [-0.23091599 -0.32101006]
 [ 0.00938671  0.47154603]
 [ 0.0562963   0.29211583]
 [ 0.34907514 -0.26980557]
 [-0.03187112 -0.40260837]]
4[[-0.05416204 -0.04974963  0.0520366  ...,  0.01630398  0.10945322
  -0.01961018]
 [-0.05130477  0.00910675 -0.12462953 ..., -0.03244184  0.01766024
   0.01492928]
 [-0.01792415 -0.02412145  0.04595768 ...,  0.05036021 -0.03698695
  -0.01259562]
 ..., 
 [-0.00663083  0.02338703 -0.02456991 ..., -0.0122095   0.01482823
   0.04395776]
 [ 0.11329293 -0.02259017 -0.02122466 ...,  0.06364014  0.08775632
  -0.01562256]
 [-0.00534534  0.06341293 -0.09886823 ...,  0.08341731  0.08582859
  -0.02502659]][[-0.07038758 -0.02774106  0.24022788 ...,  0.30245762  0.03452527
   0.18335198]
 [-0.08242902 -0.08079208 -0.35261099 ..., -0.11050169 -0.07663333
   0.20091083]
 [-0.18591247 -0.2013547   0.17907235 ..., -0.17714115  0.03289345
   0.15364686]
 ..., 
 [ 0.0554044  -0.08824781 -0.00145284 ..., -0.14718916  0.0393146
  -0.11376887]
 [-0.07614912 -0.02257389  0.10668386 ..., -0.17954718  0.01493916
   0.08414422]
 [-0.19994066 -0.10719391 -0.13601554 ...,  0.10217777  0.05954978
  -0.02348012]][[-0.15563461 -0.21094186]
 [-0.06344818  0.03608995]
 [-0.08934916 -0.09043592]
 [-0.30958123 -0.13864193]
 [-0.32500689  0.10491536]
 [-0.08196598 -0.27463891]
 [-0.16803961  0.07439337]
 [ 0.05746477 -0.43946702]
 [-0.06359741 -0.20250421]
 [-0.79892208 -0.19320631]
 [-0.08709106 -0.11062522]
 [-0.15698149 -0.08267517]
 [ 0.05859204  0.24510965]
 [-0.10081049 -0.01477513]
 [ 0.15536938  0.0174702 ]
 [ 0.09159389  0.3212789 ]
 [-0.14055022  0.21396977]
 [-0.13769753  0.00701772]
 [ 0.39125481 -0.12839182]
 [-0.0514531   0.20548194]
 [ 0.31000959  0.21501474]
 [-0.0316456   0.12847219]
 [-0.03691698 -0.03810307]
 [-0.36822345  0.36018954]
 [ 0.01491145  0.4547338 ]
 [ 0.1664467  -0.06828678]
 [ 0.0930616   0.440583  ]
 [ 0.27318105  0.34583666]
 [-0.05421854 -0.20441369]
 [-0.15407955  0.06724723]
 [ 0.11567747 -0.10709877]
 [ 0.02488776 -0.23239338]
 [-0.42721073  0.55237885]
 [-0.03845629 -0.09872803]
 [ 0.04638566 -0.01248705]
 [-0.2375906   0.18579042]
 [-0.13671983 -0.25422089]
 [ 0.21667594  0.05945696]
 [ 0.02105989 -0.11438938]
 [-0.26846673  0.40734597]
 [ 0.27005374 -0.02767537]
 [ 0.52001219 -0.3106078 ]
 [-0.31570554 -0.06860937]
 [-0.02829649 -0.13714378]
 [ 0.44945539  0.30921062]
 [-0.23218757 -0.31918656]
 [ 0.008904    0.47154781]
 [ 0.05621112  0.29185259]
 [ 0.28417166 -0.20498136]
 [-0.04687485 -0.38717016]]
5[[-0.05410788 -0.04969988  0.05198456 ...,  0.01628767  0.10934377
  -0.01959057]
 [-0.05125347  0.00909764 -0.1245049  ..., -0.0324094   0.01764258
   0.01491435]
 [-0.01790622 -0.02409732  0.04591172 ...,  0.05030985 -0.03694996
  -0.01258303]
 ..., 
 [-0.00662419  0.02336364 -0.02454534 ..., -0.01219729  0.0148134
   0.0439138 ]
 [ 0.11317963 -0.02256758 -0.02120344 ...,  0.0635765   0.08766856
  -0.01560694]
 [-0.00533999  0.06334951 -0.09876936 ...,  0.0833339   0.08574276
  -0.02500156]][[-0.07035948 -0.02766785  0.23998697 ...,  0.30216845  0.0336171
   0.18264379]
 [-0.08235076 -0.08070779 -0.35226036 ..., -0.11037119 -0.07716749
   0.20029827]
 [-0.18570542 -0.20114069  0.17889255 ..., -0.17696574  0.03279325
   0.15343936]
 ..., 
 [ 0.05538431 -0.0881714  -0.00145014 ..., -0.14704321  0.03969614
  -0.1138166 ]
 [-0.07606124 -0.02259107  0.10657835 ..., -0.17935138  0.01434031
   0.08388865]
 [-0.19983188 -0.10716363 -0.13588028 ...,  0.1021358   0.05774305
  -0.02424017]][[-0.15415667 -0.21205322]
 [-0.06390126  0.03657039]
 [-0.08870108 -0.09090421]
 [-0.31048394 -0.137291  ]
 [-0.32411797  0.10424653]
 [-0.0821456  -0.27410269]
 [-0.17104421  0.07749161]
 [ 0.05587878 -0.43749903]
 [-0.06402625 -0.20180926]
 [-0.79875632 -0.19237994]
 [-0.08675805 -0.11076051]
 [-0.15688197 -0.08253503]
 [ 0.05764054  0.24575745]
 [-0.10080475 -0.01466529]
 [ 0.15718421  0.01548252]
 [ 0.09150854  0.32095138]
 [-0.14274977  0.2160959 ]
 [-0.13898522  0.00843609]
 [ 0.38676907 -0.12416894]
 [-0.05120413  0.20507894]
 [ 0.30959386  0.21490545]
 [-0.03109921  0.12782896]
 [-0.03690271 -0.03804231]
 [-0.36621262  0.35818675]
 [ 0.01497393  0.45420167]
 [ 0.16699883 -0.06893707]
 [ 0.09129408  0.44181688]
 [ 0.27356841  0.34483027]
 [-0.05438783 -0.20398577]
 [-0.15385154  0.06710606]
 [ 0.11547644 -0.10690633]
 [ 0.02433144 -0.23162955]
 [-0.42707878  0.55212173]
 [-0.03848038 -0.09856675]
 [ 0.04622951 -0.0123648 ]
 [-0.23700379  0.18525541]
 [-0.137703   -0.25284677]
 [ 0.21610836  0.05974841]
 [ 0.02117292 -0.11440908]
 [-0.26781894  0.4065593 ]
 [ 0.26749272 -0.02535673]
 [ 0.51576266 -0.30656768]
 [-0.31558059 -0.06835001]
 [-0.03037643 -0.1348984 ]
 [ 0.44827434  0.30963301]
 [-0.23260506 -0.31821769]
 [ 0.00875115  0.47122021]
 [ 0.05615056  0.29156509]
 [ 0.28093508 -0.20182397]
 [-0.04822076 -0.3853902 ]]
6[[-0.05405377 -0.04965018  0.05193258 ...,  0.01627138  0.10923442
  -0.01957098]
 [-0.05120221  0.00908854 -0.1243804  ..., -0.03237699  0.01762494
   0.01489943]
 [-0.01788831 -0.02407323  0.04586581 ...,  0.05025954 -0.03691301
  -0.01257044]
 ..., 
 [-0.00661757  0.02334028 -0.02452079 ..., -0.01218509  0.01479858
   0.04386988]
 [ 0.11306645 -0.02254501 -0.02118224 ...,  0.06351292  0.08758089
  -0.01559133]
 [-0.00533465  0.06328616 -0.09867059 ...,  0.08325056  0.08565702
  -0.02497656]][[-0.07031728 -0.02762048  0.23974601 ...,  0.30186751  0.033056
   0.18207952]
 [-0.08226541 -0.08061903 -0.35191157 ..., -0.11024089 -0.07712652
   0.19978187]
 [-0.18549773 -0.20095379  0.17871268 ..., -0.17679108  0.03301382
   0.15329572]
 ..., 
 [ 0.05538041 -0.08810101 -0.00144617 ..., -0.14689716  0.04013107
  -0.11383597]
 [-0.07595971 -0.02260567  0.10647408 ..., -0.17915972  0.01395283
   0.08369263]
 [-0.19970061 -0.10711855 -0.13574518 ...,  0.10208147  0.05692495
  -0.02463723]][[-0.15267071 -0.21317297]
 [-0.06418268  0.03687914]
 [-0.0881676  -0.09125808]
 [-0.31133084 -0.13599632]
 [-0.32349431  0.10384274]
 [-0.08232746 -0.27356459]
 [-0.17372782  0.08026878]
 [ 0.05523038 -0.436469  ]
 [-0.06436891 -0.20120077]
 [-0.79881956 -0.19132556]
 [-0.08625603 -0.11106501]
 [-0.15677595 -0.08240164]
 [ 0.05676294  0.24633165]
 [-0.10077193 -0.01458263]
 [ 0.15895404  0.01354003]
 [ 0.09143911  0.32060835]
 [-0.14473988  0.21801266]
 [-0.14000163  0.00958305]
 [ 0.38326888 -0.12093135]
 [-0.05101996  0.2047409 ]
 [ 0.309197    0.21477781]
 [-0.03054037  0.1271734 ]
 [-0.03687365 -0.03799643]
 [-0.36580335  0.3577855 ]
 [ 0.01481577  0.45389066]
 [ 0.16805628 -0.07009259]
 [ 0.08910701  0.44347084]
 [ 0.27361822  0.34416207]
 [-0.0543281  -0.20378712]
 [-0.15395228  0.06729354]
 [ 0.11538308 -0.10682153]
 [ 0.02415989 -0.23125071]
 [-0.42698435  0.55190226]
 [-0.03822784 -0.09868224]
 [ 0.04604156 -0.01221072]
 [-0.23721415  0.18551752]
 [-0.1383399  -0.25181932]
 [ 0.21577404  0.05980688]
 [ 0.02128367 -0.11442659]
 [-0.26812619  0.40672782]
 [ 0.26554027 -0.02364642]
 [ 0.51342406 -0.30443828]
 [-0.31521768 -0.06832899]
 [-0.03180447 -0.13330509]
 [ 0.44724494  0.3099045 ]
 [-0.23288553 -0.3173864 ]
 [ 0.00858546  0.47090592]
 [ 0.05609984  0.2912681 ]
 [ 0.27897261 -0.19994061]
 [-0.0491614  -0.38401595]]
7[[-0.05399972 -0.04960053  0.05188065 ...,  0.01625511  0.10912519
  -0.01955141]
 [-0.05115101  0.00907946 -0.12425602 ..., -0.03234462  0.01760731
   0.01488453]
 [-0.01787043 -0.02404915  0.04581994 ...,  0.05020928 -0.0368761
  -0.01255787]
 ..., 
 [-0.00661095  0.02331694 -0.02449627 ..., -0.01217291  0.01478378
   0.04382601]
 [ 0.11295339 -0.02252247 -0.02116105 ...,  0.06344941  0.08749331
  -0.01557574]
 [-0.00532932  0.06322288 -0.09857192 ...,  0.08316731  0.08557136
  -0.02495158]][[-0.07027192 -0.02758598  0.23950483 ...,  0.30155602  0.03275819
   0.18159228]
 [-0.08217623 -0.08052283 -0.3515642  ..., -0.11011156 -0.07702595
   0.19932041]
 [-0.18529189 -0.20076766  0.17853323 ..., -0.17661676  0.03339154
   0.15320963]
 ..., 
 [ 0.05538241 -0.08803392 -0.00144154 ..., -0.14675261  0.04053511
  -0.11384268]
 [-0.07586105 -0.02261851  0.10637028 ..., -0.1789815   0.0136683
   0.08348862]
 [-0.19955978 -0.10708923 -0.13561044 ...,  0.10199939  0.05652279
  -0.02485756]][[-0.15115396 -0.21432387]
 [-0.06432774  0.03705151]
 [-0.08761304 -0.09163322]
 [-0.31223129 -0.13464854]
 [-0.32309553  0.10366362]
 [-0.08249747 -0.27303868]
 [-0.17629184  0.08292626]
 [ 0.05517043 -0.43602782]
 [-0.06466616 -0.20063795]
 [-0.79900207 -0.19015291]
 [-0.08565156 -0.11147216]
 [-0.15666298 -0.08227543]
 [ 0.05583768  0.24695381]
 [-0.10067973 -0.01455948]
 [ 0.16070734  0.01161423]
 [ 0.09138309  0.32025232]
 [-0.14663661  0.21983612]
 [-0.14066436  0.0103762 ]
 [ 0.38044529 -0.1183701 ]
 [-0.05084534  0.20441255]
 [ 0.30881681  0.21463402]
 [-0.03000562  0.12654201]
 [-0.03679759 -0.03799761]
 [-0.36607727  0.35806744]
 [ 0.01443479  0.45380293]
 [ 0.16940719 -0.07154146]
 [ 0.08687478  0.44517049]
 [ 0.27350523  0.34365728]
 [-0.05413747 -0.20371964]
 [-0.15417864  0.06760656]
 [ 0.11538954 -0.10683656]
 [ 0.0242015  -0.23108523]
 [-0.42689576  0.55168875]
 [-0.0378434  -0.09892978]
 [ 0.04585985 -0.01206283]
 [-0.23790159  0.18625665]
 [-0.13876302 -0.25100604]
 [ 0.21554825  0.05975708]
 [ 0.02142138 -0.11447116]
 [-0.26876818  0.4072312 ]
 [ 0.26400207 -0.02235011]
 [ 0.51214622 -0.30336942]
 [-0.3147998  -0.06836332]
 [-0.03273479 -0.13220966]
 [ 0.44648848  0.30990381]
 [-0.23307679 -0.31664486]
 [ 0.0084      0.47061189]
 [ 0.05605439  0.29096618]
 [ 0.27790259 -0.19894963]
 [-0.04978873 -0.38295545]]
8[[-0.05394572 -0.04955093  0.05182877 ...,  0.01623886  0.10901606
  -0.01953186]
 [-0.05109986  0.00907038 -0.12413176 ..., -0.03231227  0.0175897
   0.01486965]
 [-0.01785256 -0.02402511  0.04577412 ...,  0.05015907 -0.03683922
  -0.01254532]
 ..., 
 [-0.00660434  0.02329362 -0.02447178 ..., -0.01216074  0.014769
   0.04378219]
 [ 0.11284043 -0.02249994 -0.02113989 ...,  0.06338596  0.08740582
  -0.01556017]
 [-0.00532399  0.06315965 -0.09847335 ...,  0.08308415  0.08548579
  -0.02492663]][[-0.0702267  -0.02755939  0.23926372 ...,  0.30124345  0.03261958
   0.18123256]
 [-0.0820921  -0.08043302 -0.35121771 ..., -0.10998236 -0.07677724
   0.19922181]
 [-0.18508459 -0.20058787  0.17835423 ..., -0.17644212  0.03384264
   0.15314353]
 ..., 
 [ 0.05538292 -0.08797023 -0.00143594 ..., -0.14660813  0.04089907
  -0.11371462]
 [-0.07576392 -0.02262326  0.10626725 ..., -0.17880434  0.01345264
   0.08332799]
 [-0.19941445 -0.10706502 -0.13547591 ...,  0.10192452  0.0565107
  -0.02497254]][[-0.14961976 -0.2154926 ]
 [-0.06441134  0.03716238]
 [-0.08702402 -0.09204299]
 [-0.31317285 -0.1332601 ]
 [-0.32290107  0.10368858]
 [-0.08264772 -0.2725329 ]
 [-0.17881482  0.0855426 ]
 [ 0.05557503 -0.43605156]
 [-0.06492899 -0.20010982]
 [-0.79926066 -0.18890517]
 [-0.08493768 -0.11198892]
 [-0.15654589 -0.08215358]
 [ 0.05483198  0.24765672]
 [-0.10054998 -0.01457399]
 [ 0.16241947  0.00972978]
 [ 0.09133805  0.31988572]
 [-0.14851303  0.22163934]
 [-0.14111847  0.0109606 ]
 [ 0.3781138  -0.11630068]
 [-0.05070075  0.20411439]
 [ 0.30846239  0.21446499]
 [-0.029508    0.12594786]
 [-0.03669848 -0.03802193]
 [-0.36672888  0.35872706]
 [ 0.01388413  0.45388536]
 [ 0.17091908 -0.07315121]
 [ 0.08465608  0.44685714]
 [ 0.2733162   0.34322915]
 [-0.05386419 -0.20373506]
 [-0.15445748  0.06797197]
 [ 0.11544541 -0.10690098]
 [ 0.02435248 -0.23102932]
 [-0.4268007   0.5514689 ]
 [-0.03737582 -0.09926058]
 [ 0.04568904 -0.01192582]
 [-0.23891749  0.1873242 ]
 [-0.13901635 -0.25036294]
 [ 0.21536771  0.05966232]
 [ 0.02154941 -0.11450614]
 [-0.2695757   0.40790026]
 [ 0.26276196 -0.02135166]
 [ 0.51157656 -0.30300854]
 [-0.31440193 -0.06837803]
 [-0.03336458 -0.13141492]
 [ 0.44591338  0.30972252]
 [-0.23320008 -0.31597186]
 [ 0.0081936   0.47033928]
 [ 0.05601123  0.29066231]
 [ 0.27745745 -0.19858344]
 [-0.05018617 -0.38212526]]
9[[-0.05389177 -0.04950138  0.05177694 ...,  0.01622262  0.10890705
  -0.01951233]
 [-0.05104876  0.00906131 -0.12400763 ..., -0.03227996  0.01757211
   0.01485478]
 [-0.0178347  -0.02400108  0.04572835 ...,  0.05010892 -0.03680238
  -0.01253277]
 ..., 
 [-0.00659774  0.02327033 -0.0244473  ..., -0.01214858  0.01475423
   0.04373841]
 [ 0.11272759 -0.02247744 -0.02111875 ...,  0.06332257  0.08731841
  -0.01554461]
 [-0.00531867  0.06309649 -0.09837487 ...,  0.08300106  0.0854003
  -0.0249017 ]][[-0.07018083 -0.02752438  0.23902253 ...,  0.3009317   0.03246376
   0.18082128]
 [-0.08201914 -0.08033482 -0.3508717  ..., -0.10985356 -0.07675365
   0.19894623]
 [-0.18487719 -0.20039824  0.17817528 ..., -0.1762675   0.03431398
   0.15305939]
 ..., 
 [ 0.05536836 -0.08789198 -0.00142939 ..., -0.14646354  0.0412423
  -0.11357895]
 [-0.07566644 -0.02262694  0.10616445 ..., -0.17862704  0.01323931
   0.08314904]
 [-0.19926385 -0.10703557 -0.13534167 ...,  0.10184972  0.05660663
  -0.02508473]][[-0.14812599 -0.21662126]
 [-0.06451592  0.03729421]
 [-0.08639922 -0.09248873]
 [-0.31418861 -0.13179792]
 [-0.32287567  0.1038824 ]
 [-0.08277463 -0.2720508 ]
 [-0.18133734  0.08815839]
 [ 0.05624539 -0.43634144]
 [-0.06516556 -0.19960821]
 [-0.79961448 -0.18756318]
 [-0.08417055 -0.11255912]
 [-0.15642604 -0.08203473]
 [ 0.05373226  0.24845395]
 [-0.10039886 -0.01460999]
 [ 0.16407974  0.00789737]
 [ 0.09130055  0.319512  ]
 [-0.1504222   0.22347538]
 [-0.14148248  0.01145477]
 [ 0.3761221  -0.1145708 ]
 [-0.0506143   0.20387454]
 [ 0.30813074  0.21427372]
 [-0.02905311  0.12539652]
 [-0.0366008  -0.03804489]
 [-0.36768331  0.35968949]
 [ 0.013167    0.45413471]
 [ 0.17245837 -0.07478827]
 [ 0.08242891  0.4485528 ]
 [ 0.27305829  0.34287051]
 [-0.05355098 -0.20379067]
 [-0.15475857  0.06835955]
 [ 0.11552689 -0.10699101]
 [ 0.02453695 -0.23100711]
 [-0.42669607  0.5512396 ]
 [-0.03686707 -0.0996327 ]
 [ 0.04552983 -0.01180038]
 [-0.2401866   0.1886449 ]
 [-0.13914318 -0.24984674]
 [ 0.21518809  0.05956691]
 [ 0.02164231 -0.11450609]
 [-0.27050339  0.40868963]
 [ 0.26172858 -0.02055969]
 [ 0.51146146 -0.303102  ]
 [-0.31404171 -0.06835547]
 [-0.03379049 -0.13082423]
 [ 0.44546888  0.30941138]
 [-0.23327344 -0.31534932]
 [ 0.00796884  0.47008551]
 [ 0.05596882  0.29035805]
 [ 0.27743288 -0.19863775]
 [-0.05042812 -0.38145101]]
10[[-0.05383788 -0.04945188  0.05172516 ...,  0.0162064   0.10879814
  -0.01949282]
 [-0.05099771  0.00905225 -0.12388362 ..., -0.03224768  0.01755454
   0.01483992]
 [-0.01781687 -0.02397708  0.04568262 ...,  0.05005881 -0.03676558
  -0.01252024]
 ..., 
 [-0.00659114  0.02324706 -0.02442286 ..., -0.01213643  0.01473948
   0.04369467]
 [ 0.11261487 -0.02245497 -0.02109763 ...,  0.06325925  0.0872311
  -0.01552906]
 [-0.00531335  0.0630334  -0.0982765  ...,  0.08291806  0.0853149
  -0.0248768 ]][[-0.07013166 -0.02749978  0.23878122 ...,  0.30062028  0.03245333
   0.1805005 ]
 [-0.0819369  -0.08024581 -0.35052631 ..., -0.10972523 -0.07648237
   0.19890094]
 [-0.18467    -0.20020797  0.17799687 ..., -0.17609309  0.03493006
   0.15296874]
 ..., 
 [ 0.05535656 -0.08781165 -0.0014219  ..., -0.14631902  0.04158169
  -0.11344155]
 [-0.07557048 -0.02262452  0.10606248 ..., -0.17844972  0.01320295
   0.08299312]
 [-0.19911414 -0.10700454 -0.1352068  ...,  0.10177412  0.05689044
  -0.02515917]][[-0.14666309 -0.21771941]
 [-0.06464655  0.03745206]
 [-0.08572051 -0.09298855]
 [-0.31525265 -0.13028789]
 [-0.32295075  0.10417647]
 [-0.0828794  -0.27159121]
 [-0.1838255   0.09073973]
 [ 0.05711125 -0.4368272 ]
 [-0.06537614 -0.19913285]
 [-0.80002226 -0.18616822]
 [-0.08337699 -0.11315595]
 [-0.15630467 -0.08191764]
 [ 0.05256207  0.24932196]
 [-0.10023246 -0.01466139]
 [ 0.16570566  0.00609946]
 [ 0.0912669   0.31913484]
 [-0.15236403  0.22534416]
 [-0.14176096  0.01186327]
 [ 0.37439921 -0.11310946]
 [-0.05057147  0.20367845]
 [ 0.3078312   0.21405085]
 [-0.02863969  0.12488676]
 [-0.03649685 -0.0380742 ]
 [-0.3687867   0.36080088]
 [ 0.01232543  0.45450898]
 [ 0.17400224 -0.07642981]
 [ 0.08023736  0.45021337]
 [ 0.27273792  0.34257495]
 [-0.05319947 -0.20388484]
 [-0.15506806  0.06875544]
 [ 0.11562754 -0.10710019]
 [ 0.02472222 -0.23098591]
 [-0.42657755  0.55099653]
 [-0.03631412 -0.10004914]
 [ 0.04537894 -0.01168322]
 [-0.24159431  0.19010415]
 [-0.13916916 -0.24943177]
 [ 0.21500793  0.05947231]
 [ 0.02170534 -0.11447625]
 [-0.27151425  0.4095623 ]
 [ 0.26086723 -0.0199395 ]
 [ 0.51170386 -0.30355276]
 [-0.31369371 -0.06832107]
 [-0.03404265 -0.13040746]
 [ 0.44514012  0.30898526]
 [-0.23329968 -0.31477446]
 [ 0.00772322  0.46985307]
 [ 0.05592665  0.2900539 ]
 [ 0.27779444 -0.19907811]
 [-0.05052967 -0.38091757]]
11[[-0.05378404 -0.04940242  0.05167344 ...,  0.01619019  0.10868934
  -0.01947332]
 [-0.05094671  0.00904319 -0.12375974 ..., -0.03221543  0.01753699
   0.01482508]
 [-0.01779905 -0.0239531   0.04563694 ...,  0.05000875 -0.03672881
  -0.01250772]
 ..., 
 [-0.00658455  0.02322381 -0.02439843 ..., -0.01212429  0.01472474
   0.04365097]
 [ 0.11250225 -0.02243251 -0.02107654 ...,  0.06319599  0.08714386
  -0.01551353]
 [-0.00530803  0.06297036 -0.09817822 ...,  0.08283514  0.08522959
  -0.02485192]][[-0.07008297 -0.02747428  0.23853942 ...,  0.30030464  0.03248233
   0.18014116]
 [-0.08185194 -0.08015915 -0.35018203 ..., -0.10960851 -0.0760626
   0.19869282]
 [-0.18446053 -0.20002216  0.17781789 ..., -0.17592027  0.03548766
   0.1528677 ]
 ..., 
 [ 0.05534587 -0.08772655 -0.00141385 ..., -0.14617456  0.04196625
  -0.11330735]
 [-0.07547544 -0.02261549  0.10596159 ..., -0.17827242  0.01323037
   0.08279925]
 [-0.1989502  -0.1069746  -0.13507103 ...,  0.10168783  0.05734179
  -0.02520094]][[-0.14524978 -0.21876834]
 [-0.06482696  0.03765967]
 [-0.08502348 -0.09350687]
 [-0.31635529 -0.1287397 ]
 [-0.32311069  0.10455519]
 [-0.0829656  -0.27115054]
 [-0.18628501  0.09329232]
 [ 0.0580865  -0.43742275]
 [-0.06555579 -0.1986887 ]
 [-0.80047365 -0.18473064]
 [-0.08257969 -0.11375672]
 [-0.15618294 -0.08180114]
 [ 0.05132852  0.25025362]
 [-0.10004631 -0.01473263]
 [ 0.16728464  0.00434868]
 [ 0.09123772  0.31875362]
 [-0.15431382  0.22722097]
 [-0.14195383  0.01218604]
 [ 0.37289571 -0.11186725]
 [-0.05056817  0.20352203]
 [ 0.30754034  0.21381983]
 [-0.02826451  0.12441534]
 [-0.03638913 -0.03810734]
 [-0.36994736  0.36196952]
 [ 0.01137696  0.45499062]
 [ 0.17549967 -0.07802482]
 [ 0.07809866  0.45182162]
 [ 0.27235137  0.34234619]
 [-0.05282443 -0.2040028 ]
 [-0.15537326  0.06914695]
 [ 0.11574132 -0.1072225 ]
 [ 0.02488962 -0.23094705]
 [-0.42644088  0.55073544]
 [-0.03574252 -0.10048438]
 [ 0.04523592 -0.01157389]
 [-0.24311231  0.19167364]
 [-0.13911593 -0.2490964 ]
 [ 0.21482812  0.05937764]
 [ 0.02174808 -0.11442622]
 [-0.27257863  0.41048863]
 [ 0.26015469 -0.0194679 ]
 [ 0.51220417 -0.30426122]
 [-0.31338048 -0.06825228]
 [-0.03415257 -0.13013309]
 [ 0.44488473  0.30848653]
 [-0.23329081 -0.31423525]
 [ 0.00745625  0.46964246]
 [ 0.05588314  0.28975142]
 [ 0.27847391 -0.19983629]
 [-0.05053016 -0.38048564]]
12[[-0.05373026 -0.04935302  0.05162176 ...,  0.016174    0.10858065
  -0.01945385]
 [-0.05089577  0.00903415 -0.12363598 ..., -0.03218322  0.01751945
   0.01481026]
 [-0.01778125 -0.02392915  0.0455913  ...,  0.04995874 -0.03669208
  -0.01249521]
 ..., 
 [-0.00657796  0.02320059 -0.02437404 ..., -0.01211217  0.01471001
   0.04360732]
 [ 0.11238975 -0.02241008 -0.02105546 ...,  0.06313279  0.08705672
  -0.01549802]
 [-0.00530273  0.06290739 -0.09808004 ...,  0.08275231  0.08514436
  -0.02482707]][[-0.07003533 -0.02745364  0.23829676 ...,  0.30000422  0.03239958
   0.17985341]
 [-0.0817609  -0.08007227 -0.34983759 ..., -0.10949132 -0.07593839
   0.19871984]
 [-0.18425294 -0.19983802  0.17763903 ..., -0.17574596  0.03602159
   0.15278632]
 ..., 
 [ 0.0553351  -0.08763748 -0.00140527 ..., -0.14603017  0.04238256
  -0.11314695]
 [-0.07538039 -0.02260646  0.10586119 ..., -0.17809516  0.01322967
   0.08262428]
 [-0.19878536 -0.10694773 -0.13493486 ...,  0.10161015  0.05775851
  -0.02520064]][[-0.14389202 -0.21976208]
 [-0.06504294  0.03790281]
 [-0.0843411  -0.09401072]
 [-0.31748426 -0.12716564]
 [-0.3233313   0.10499435]
 [-0.08303322 -0.27072881]
 [-0.18871201  0.09581232]
 [ 0.05909405 -0.43805095]
 [-0.06570915 -0.19827108]
 [-0.80094914 -0.18326995]
 [-0.08179705 -0.11434302]
 [-0.15606114 -0.08168496]
 [ 0.05007147  0.25120909]
 [-0.09985004 -0.01481413]
 [ 0.16881857  0.00264312]
 [ 0.09121439  0.31836696]
 [-0.15623798  0.22907222]
 [-0.14207535  0.01243733]
 [ 0.37157665 -0.11080921]
 [-0.05059808  0.203399  ]
 [ 0.30724951  0.2135893 ]
 [-0.02792022  0.12397489]
 [-0.03627781 -0.03814417]
 [-0.37109287  0.36312301]
 [ 0.01036527  0.45553593]
 [ 0.17694783 -0.07957045]
 [ 0.07603591  0.45335445]
 [ 0.2718739   0.34220896]
 [-0.05243209 -0.20413831]
 [-0.15567385  0.06953377]
 [ 0.11585485 -0.10734455]
 [ 0.02502849 -0.23087986]
 [-0.42628607  0.55045635]
 [-0.035172   -0.10091867]
 [ 0.0450985  -0.01147014]
 [-0.24464746  0.19326024]
 [-0.13899412 -0.24883   ]
 [ 0.21466194  0.05926961]
 [ 0.02178448 -0.11436994]
 [-0.27368868  0.41146077]
 [ 0.2595762  -0.01913009]
 [ 0.51288285 -0.30514785]
 [-0.31309719 -0.06815394]
 [-0.03414422 -0.12997715]
 [ 0.44467656  0.30794133]
 [-0.23325501 -0.31372353]
 [ 0.00717266  0.46944895]
 [ 0.05583832  0.28945061]
 [ 0.27940918 -0.20085019]
 [-0.05044625 -0.38013852]]
13[[-0.05367653 -0.04930367  0.05157014 ...,  0.01615783  0.10847207
  -0.0194344 ]
 [-0.05084487  0.00902512 -0.12351234 ..., -0.03215103  0.01750193
   0.01479545]
 [-0.01776347 -0.02390522  0.04554571 ...,  0.04990878 -0.03665539
  -0.01248272]
 ..., 
 [-0.00657139  0.02317739 -0.02434966 ..., -0.01210005  0.0146953
   0.04356371]
 [ 0.11227736 -0.02238767 -0.0210344  ...,  0.06306966  0.08696966
  -0.01548252]
 [-0.00529742  0.06284449 -0.09798196 ...,  0.08266955  0.08505922
  -0.02480225]][[-0.06998559 -0.02743008  0.23805583 ...,  0.29969828  0.03231516
   0.17953327]
 [-0.08167479 -0.07998708 -0.34948851 ..., -0.10938175 -0.07571339
   0.19857187]
 [-0.18404211 -0.19965424  0.17746077 ..., -0.17557307  0.0365534
   0.15271121]
 ..., 
 [ 0.05532078 -0.08754874 -0.00139593 ..., -0.14588586  0.04284345
  -0.11299394]
 [-0.07528155 -0.02259644  0.10576204 ..., -0.17791801  0.01322285
   0.08241352]
 [-0.19861901 -0.10691925 -0.13479639 ...,  0.1014995   0.05824579
  -0.02515663]][[-0.14256476 -0.22072569]
 [-0.06531795  0.03820497]
 [-0.08366062 -0.09451284]
 [-0.31863155 -0.1255737 ]
 [-0.32360253  0.10548392]
 [-0.08308227 -0.270326  ]
 [-0.19111201  0.09830521]
 [ 0.06015551 -0.43873345]
 [-0.06582138 -0.19789488]
 [-0.801458   -0.18177686]
 [-0.08100006 -0.11494387]
 [-0.15594007 -0.08156828]
 [ 0.04877273  0.25220655]
 [-0.09965879 -0.01489072]
 [ 0.17030016  0.00099007]
 [ 0.09119363  0.31797813]
 [-0.15817204  0.23093345]
 [-0.1421852   0.01267682]
 [ 0.37041419 -0.10990752]
 [-0.05067577  0.20332388]
 [ 0.30695783  0.21336014]
 [-0.02760134  0.12355996]
 [-0.03616691 -0.03818065]
 [-0.37232121  0.36435932]
 [ 0.00928642  0.45614889]
 [ 0.17836503 -0.08108502]
 [ 0.07398876  0.45487221]
 [ 0.2713633   0.34210548]
 [-0.05202429 -0.20428955]
 [-0.15597851  0.06992457]
 [ 0.11598503 -0.10748324]
 [ 0.02515819 -0.23080372]
 [-0.42612233  0.55016843]
 [-0.03462248 -0.1013321 ]
 [ 0.04495866 -0.01136393]
 [-0.24624326  0.19490742]
 [-0.13880739 -0.2486289 ]
 [ 0.21449851  0.05915912]
 [ 0.02182777 -0.11432064]
 [-0.27483097  0.41246529]
 [ 0.259108   -0.01890234]
 [ 0.51373208 -0.30620482]
 [-0.31289071 -0.06797917]
 [-0.03407833 -0.12987892]
 [ 0.44449984  0.30736543]
 [-0.23319683 -0.31323472]
 [ 0.00687332  0.46927167]
 [ 0.05579252  0.28915112]
 [ 0.28058573 -0.20210531]
 [-0.05029545 -0.37985875]]
14[[-0.05362285 -0.04925436  0.05151857 ...,  0.01614167  0.1083636
  -0.01941496]
 [-0.05079403  0.00901609 -0.12338883 ..., -0.03211888  0.01748443
   0.01478065]
 [-0.01774571 -0.02388131  0.04550016 ...,  0.04985887 -0.03661874
  -0.01247023]
 ..., 
 [-0.00656482  0.02315421 -0.02432531 ..., -0.01208795  0.01468061
   0.04352015]
 [ 0.11216508 -0.02236528 -0.02101337 ...,  0.06300659  0.08688269
  -0.01546704]
 [-0.00529213  0.06278164 -0.09788398 ...,  0.08258689  0.08497416
  -0.02477744]][[-0.06993666 -0.02740738  0.23781569 ...,  0.29939301  0.03232727
   0.17928032]
 [-0.08158876 -0.07989312 -0.34913929 ..., -0.10927237 -0.07525928
   0.19858087]
 [-0.18383471 -0.19946522  0.1772829  ..., -0.17540008  0.03706485
   0.15263056]
 ..., 
 [ 0.05531586 -0.08745843 -0.00138509 ..., -0.14574162  0.04336612
  -0.11284485]
 [-0.0751832  -0.02258522  0.10566295 ..., -0.17774095  0.01324325
   0.08221477]
 [-0.19845249 -0.10688509 -0.13465724 ...,  0.10138923  0.05875461
  -0.02510422]][[ -1.41286880e-01  -2.21640275e-01]
 [ -6.56427962e-02   3.85569230e-02]
 [ -8.29787289e-02  -9.50165653e-02]
 [ -3.19783660e-01  -1.23977383e-01]
 [ -3.23903209e-01   1.06002716e-01]
 [ -8.31131942e-02  -2.69941659e-01]
 [ -1.93465611e-01   1.00751626e-01]
 [  6.12235318e-02  -4.39422903e-01]
 [ -6.58984890e-02  -1.97554053e-01]
 [ -8.01998903e-01  -1.80252728e-01]
 [ -8.02133899e-02  -1.15534596e-01]
 [ -1.55819691e-01  -8.14511562e-02]
 [  4.74477283e-02   2.53230574e-01]
 [ -9.94795904e-02  -1.49553641e-02]
 [  1.71742283e-01  -6.23348235e-04]
 [  9.11749340e-02   3.17587659e-01]
 [ -1.60101993e-01   2.32790638e-01]
 [ -1.42293138e-01   1.29142658e-02]
 [  3.69378089e-01  -1.09131930e-01]
 [ -5.07944497e-02   2.03289913e-01]
 [  3.06674591e-01   2.13123064e-01]
 [ -2.73044575e-02   1.23167120e-01]
 [ -3.60585697e-02  -3.82146402e-02]
 [ -3.73642495e-01   3.65688567e-01]
 [  8.14824097e-03   4.56821631e-01]
 [  1.79739612e-01  -8.25568880e-02]
 [  7.19726296e-02   4.56359477e-01]
 [  2.70825873e-01   3.42029437e-01]
 [ -5.16047610e-02  -2.04452756e-01]
 [ -1.56275775e-01   7.03078876e-02]
 [  1.16106184e-01  -1.07612894e-01]
 [  2.52818807e-02  -2.30721758e-01]
 [ -4.25953423e-01   5.49875481e-01]
 [ -3.40893255e-02  -1.01729305e-01]
 [  4.48162247e-02  -1.12550814e-02]
 [ -2.47862257e-01   1.96577754e-01]
 [ -1.38570440e-01  -2.48478412e-01]
 [  2.14331326e-01   5.90526410e-02]
 [  2.18791940e-02  -1.14279576e-01]
 [ -2.76005276e-01   4.13501960e-01]
 [  2.58723406e-01  -1.87579460e-02]
 [  5.14676181e-01  -3.07356441e-01]
 [ -3.12727726e-01  -6.77612842e-02]
 [ -3.39572140e-02  -1.29836077e-01]
 [  4.44355634e-01   3.06757770e-01]
 [ -2.33118486e-01  -3.12766641e-01]
 [  6.56306537e-03   4.69105782e-01]
 [  5.57455077e-02   2.88853190e-01]
 [  2.81949800e-01  -2.03547854e-01]
 [ -5.00915221e-02  -3.79632518e-01]]
15[[-0.05356923 -0.04920511  0.05146705 ...,  0.01612553  0.10825524
  -0.01939555]
 [-0.05074323  0.00900707 -0.12326544 ..., -0.03208676  0.01746694
   0.01476587]
 [-0.01772796 -0.02385743  0.04545466 ...,  0.04980901 -0.03658212
  -0.01245776]
 ..., 
 [-0.00655825  0.02313105 -0.02430099 ..., -0.01207587  0.01466593
   0.04347663]
 [ 0.11205292 -0.02234292 -0.02099236 ...,  0.06294358  0.08679581
  -0.01545157]
 [-0.00528683  0.06271886 -0.0977861  ...,  0.0825043   0.08488918
  -0.02475267]][[-0.06987949 -0.0273841   0.23757575 ...,  0.29908832  0.03230808
   0.17897968]
 [-0.08149669 -0.07980457 -0.3487904  ..., -0.10916315 -0.07481842
   0.19842889]
 [-0.18362276 -0.19927868  0.17710522 ..., -0.17522704  0.03753784
   0.15253708]
 ..., 
 [ 0.05531301 -0.08737291 -0.00137336 ..., -0.14559746  0.04384458
  -0.11269703]
 [-0.07508772 -0.02256927  0.10556444 ..., -0.177564    0.01326011
   0.08200791]
 [-0.19828314 -0.10685099 -0.13451704 ...,  0.1012793   0.05923901
  -0.02506322]][[-0.14003649 -0.22252774]
 [-0.06599382  0.03893503]
 [-0.08228602 -0.09553128]
 [-0.32092536 -0.12239192]
 [-0.32421437  0.10653178]
 [-0.08312418 -0.26957762]
 [-0.19573827  0.10311699]
 [ 0.06231994 -0.44014111]
 [-0.06594312 -0.19724597]
 [-0.80255592 -0.17871346]
 [-0.07940749 -0.11614475]
 [-0.15570056 -0.08133301]
 [ 0.04612593  0.25425169]
 [-0.09931083 -0.01500968]
 [ 0.17317355 -0.00222574]
 [ 0.09115874  0.31719509]
 [-0.16198518  0.23460114]
 [-0.14238645  0.01313696]
 [ 0.36845246 -0.10846654]
 [-0.05093698  0.20327995]
 [ 0.30641524  0.21286261]
 [-0.02702837  0.12279517]
 [-0.03594976 -0.03824917]
 [-0.37502154  0.36707556]
 [ 0.00698822  0.45751668]
 [ 0.18110131 -0.08401576]
 [ 0.07001511  0.45778867]
 [ 0.27027075  0.34197171]
 [-0.05117801 -0.20462345]
 [-0.15656944  0.07068752]
 [ 0.11622706 -0.10774226]
 [ 0.02540794 -0.23064238]
 [-0.42577941  0.54957755]
 [-0.03356689 -0.10211592]
 [ 0.04467389 -0.01114631]
 [-0.24945356  0.19822034]
 [-0.13828371 -0.24837809]
 [ 0.21416787  0.05894271]
 [ 0.0219497  -0.11425768]
 [-0.27722143  0.41458062]
 [ 0.25840772 -0.01868223]
 [ 0.51571213 -0.30859971]
 [-0.31258861 -0.06751991]
 [-0.03374453 -0.12988497]
 [ 0.44424478  0.30611751]
 [-0.23302195 -0.3123173 ]
 [ 0.00625026  0.46894291]
 [ 0.05569746  0.28855664]
 [ 0.28349411 -0.20517057]
 [-0.04984649 -0.37944783]]
16[[-0.05351566 -0.04915591  0.05141559 ...,  0.0161094   0.10814698
  -0.01937615]
 [-0.05069249  0.00899807 -0.12314218 ..., -0.03205468  0.01744948
   0.01475111]
 [-0.01771023 -0.02383358  0.04540921 ...,  0.0497592  -0.03654554
  -0.0124453 ]
 ..., 
 [-0.00655169  0.02310792 -0.02427669 ..., -0.01206379  0.01465126
   0.04343315]
 [ 0.11194086 -0.02232057 -0.02097136 ...,  0.06288064  0.08670902
  -0.01543612]
 [-0.00528155  0.06265614 -0.09768831 ...,  0.08242179  0.08480429
  -0.02472791]][[-0.06982373 -0.02736009  0.23733609 ...,  0.29878415  0.03214541
   0.17874937]
 [-0.08140506 -0.07972013 -0.34844017 ..., -0.1090541  -0.07467966
   0.19845179]
 [-0.1834006  -0.19909318  0.17692844 ..., -0.17505398  0.03798351
   0.15245519]
 ..., 
 [ 0.05531013 -0.08728869 -0.00136118 ..., -0.1454534   0.04430697
  -0.11254894]
 [-0.07499541 -0.02255194  0.10546596 ..., -0.17738718  0.01322639
   0.08185442]
 [-0.19810568 -0.10681651 -0.13437711 ...,  0.1011696   0.05968215
  -0.02500408]][[-0.13881474 -0.22338692]
 [-0.06635611  0.03932438]
 [-0.08159216 -0.09604732]
 [-0.32205548 -0.12081848]
 [-0.32453695  0.10707204]
 [-0.08311912 -0.26922998]
 [-0.19793241  0.10540376]
 [ 0.06344439 -0.44088774]
 [-0.06595487 -0.19697103]
 [-0.80311801 -0.1771701 ]
 [-0.07860556 -0.11675113]
 [-0.15558152 -0.08121502]
 [ 0.04481129  0.25526596]
 [-0.09914957 -0.01505663]
 [ 0.17459429 -0.00381742]
 [ 0.09114283  0.31680265]
 [-0.16381673  0.23636007]
 [-0.14245343  0.01333318]
 [ 0.36762288 -0.10789695]
 [-0.05110126  0.20329189]
 [ 0.30616971  0.21258887]
 [-0.02677413  0.12244516]
 [-0.03584493 -0.03827981]
 [-0.37643164  0.36849361]
 [ 0.00583316  0.45820724]
 [ 0.18245625 -0.08546779]
 [ 0.06811721  0.45915876]
 [ 0.26969263  0.34193758]
 [-0.05074904 -0.20479662]
 [-0.15685765  0.07106161]
 [ 0.11633813 -0.10786182]
 [ 0.02553769 -0.23056689]
 [-0.42560025  0.54927459]
 [-0.03305476 -0.10249237]
 [ 0.04453231 -0.01103826]
 [-0.25101509  0.1998331 ]
 [-0.13795486 -0.24832028]
 [ 0.21400441  0.05883306]
 [ 0.02203078 -0.11424645]
 [-0.27848028  0.4157021 ]
 [ 0.25815392 -0.01866815]
 [ 0.51681979 -0.30991448]
 [-0.31247555 -0.06725286]
 [-0.03345414 -0.13001173]
 [ 0.44416392  0.30544801]
 [-0.23290566 -0.31188824]
 [ 0.00593396  0.46878403]
 [ 0.05564847  0.28826138]
 [ 0.28518365 -0.20693843]
 [-0.04956476 -0.37930027]]
17[[-0.05346214 -0.04910675  0.05136417 ...,  0.01609329  0.10803883
  -0.01935677]
 [-0.0506418   0.00898907 -0.12301903 ..., -0.03202262  0.01743203
   0.01473636]
 [-0.01769252 -0.02380974  0.0453638  ...,  0.04970944 -0.03650899
  -0.01243286]
 ..., 
 [-0.00654514  0.02308482 -0.02425241 ..., -0.01205173  0.01463661
   0.04338972]
 [ 0.11182892 -0.02229825 -0.02095039 ...,  0.06281776  0.08662231
  -0.01542068]
 [-0.00527626  0.06259349 -0.09759062 ...,  0.08233937  0.08471949
  -0.02470319]][[-0.06976925 -0.02733436  0.2370956  ...,  0.29848039  0.03206505
   0.17848941]
 [-0.0813135  -0.07963914 -0.34808963 ..., -0.10894522 -0.07426595
   0.19832939]
 [-0.18317907 -0.19891123  0.17675274 ..., -0.17488094  0.03839714
   0.15236846]
 ..., 
 [ 0.0553059  -0.08720189 -0.00134821 ..., -0.14530944  0.04479778
  -0.11240016]
 [-0.0749039  -0.02253101  0.10536791 ..., -0.17721053  0.01320861
   0.08170808]
 [-0.19792913 -0.10677203 -0.13423666 ...,  0.10106013  0.06016465
  -0.02494853]][[-0.13759047 -0.22424899]
 [-0.06672316  0.03971846]
 [-0.08086223 -0.09659961]
 [-0.3231517  -0.11927939]
 [-0.32486155  0.1076141 ]
 [-0.08309642 -0.26890033]
 [-0.1999752   0.10753908]
 [ 0.06464372 -0.44170962]
 [-0.06592933 -0.19673364]
 [-0.80368887 -0.17561895]
 [-0.07777225 -0.11738908]
 [-0.15546214 -0.08109761]
 [ 0.04354621  0.25623096]
 [-0.09899296 -0.01509903]
 [ 0.17602269 -0.0054166 ]
 [ 0.09112472  0.31641281]
 [-0.16557457  0.23804536]
 [-0.14250842  0.01351729]
 [ 0.36688223 -0.10741603]
 [-0.05128031  0.20331875]
 [ 0.30594175  0.21229807]
 [-0.02654136  0.12211672]
 [-0.0357449  -0.03830571]
 [-0.37785344  0.36992335]
 [ 0.00472196  0.4588544 ]
 [ 0.1838427  -0.08695124]
 [ 0.06626475  0.46048394]
 [ 0.2691047   0.34191388]
 [-0.05031697 -0.20497314]
 [-0.15715272  0.07144248]
 [ 0.11645166 -0.10798382]
 [ 0.02568941 -0.23051359]
 [-0.42541748  0.54896814]
 [-0.03253388 -0.1028777 ]
 [ 0.04439224 -0.01093168]
 [-0.25252162  0.20139082]
 [-0.13758431 -0.24830456]
 [ 0.21384523  0.0587194 ]
 [ 0.02212079 -0.11424425]
 [-0.27979371  0.41687832]
 [ 0.25795237 -0.01870609]
 [ 0.51800584 -0.31130744]
 [-0.31236459 -0.0669841 ]
 [-0.03306595 -0.13023646]
 [ 0.44411942  0.3047429 ]
 [-0.23276951 -0.3114796 ]
 [ 0.00561405  0.46862922]
 [ 0.05559871  0.28796723]
 [ 0.28701105 -0.20884407]
 [-0.04923594 -0.37920022]]
18[[-0.05340868 -0.04905764  0.05131281 ...,  0.0160772   0.10793079
  -0.01933742]
 [-0.05059116  0.00898008 -0.12289602 ..., -0.0319906   0.0174146
   0.01472162]
 [-0.01767483 -0.02378593  0.04531844 ...,  0.04965973 -0.03647248
  -0.01242043]
 ..., 
 [-0.0065386   0.02306173 -0.02422816 ..., -0.01203967  0.01462197
   0.04334633]
 [ 0.11171709 -0.02227595 -0.02092944 ...,  0.06275494  0.08653568
  -0.01540526]
 [-0.00527099  0.06253089 -0.09749303 ...,  0.08225703  0.08463477
  -0.02467848]][[-0.06971445 -0.02729929  0.23685478 ...,  0.29817716  0.03190288
   0.17827666]
 [-0.08122153 -0.07956021 -0.34773941 ..., -0.10883649 -0.074024
   0.19834003]
 [-0.18296022 -0.19872873  0.17657711 ..., -0.17470793  0.03874627
   0.15227368]
 ..., 
 [ 0.0552985  -0.08711692 -0.00133584 ..., -0.14516557  0.04523478
  -0.11225075]
 [-0.07481517 -0.02250628  0.10527001 ..., -0.17703401  0.01319286
   0.08157921]
 [-0.19775306 -0.10671163 -0.13409547 ...,  0.10095101  0.06064057
  -0.02486749]][[-0.13638841 -0.22508921]
 [-0.06709336  0.04011567]
 [-0.08014828 -0.0971361 ]
 [-0.32424358 -0.11774508]
 [-0.32520269  0.10817249]
 [-0.08306027 -0.26858448]
 [-0.20195598  0.1096123 ]
 [ 0.06588086 -0.4425697 ]
 [-0.06588546 -0.19651485]
 [-0.80425655 -0.17407196]
 [-0.07693444 -0.11803173]
 [-0.15534255 -0.08098064]
 [ 0.04231288  0.25716451]
 [-0.09884179 -0.01513611]
 [ 0.17741972 -0.00698424]
 [ 0.09110749  0.31602251]
 [-0.16728347  0.2396818 ]
 [-0.14254656  0.01368442]
 [ 0.3662237  -0.10701696]
 [-0.05147633  0.20336272]
 [ 0.3057062   0.21201538]
 [-0.02632894  0.12180873]
 [-0.03564825 -0.03832831]
 [-0.37929105  0.37136889]
 [ 0.00363805  0.45947473]
 [ 0.18524311 -0.08844854]
 [ 0.06444144  0.4617805 ]
 [ 0.26849459  0.34191298]
 [-0.04988652 -0.20514831]
 [-0.15744577  0.07182124]
 [ 0.11655763 -0.10809826]
 [ 0.0258411  -0.23046045]
 [-0.42523172  0.54865883]
 [-0.03204082 -0.10323535]
 [ 0.04425533 -0.01082823]
 [-0.25401683  0.20293716]
 [-0.13719223 -0.24831074]
 [ 0.21368352  0.05860856]
 [ 0.02222931 -0.11426065]
 [-0.28113171  0.41807924]
 [ 0.25779416 -0.01878712]
 [ 0.51922236 -0.31273065]
 [-0.31230413 -0.06666521]
 [-0.03264474 -0.13049436]
 [ 0.44408022  0.30403324]
 [-0.23262089 -0.31108397]
 [ 0.00527935  0.46848968]
 [ 0.0555482   0.28767417]
 [ 0.28890434 -0.21081554]
 [-0.04888132 -0.3791264 ]]
19[[-0.05335527 -0.04900859  0.05126149 ...,  0.01606112  0.10782286
  -0.01931808]
 [-0.05054056  0.0089711  -0.12277312 ..., -0.03195861  0.01739718
   0.0147069 ]
 [-0.01765716 -0.02376215  0.04527312 ...,  0.04961008 -0.03643601
  -0.01240801]
 ..., 
 [-0.00653206  0.02303867 -0.02420393 ..., -0.01202764  0.01460735
   0.04330298]
 [ 0.11160538 -0.02225368 -0.02090851 ...,  0.06269219  0.08644915
  -0.01538986]
 [-0.00526572  0.06246836 -0.09739554 ...,  0.08217478  0.08455013
  -0.0246538 ]][[-0.06965647 -0.02726675  0.23661439 ...,  0.29787442  0.03184873
   0.17803254]
 [-0.08112212 -0.07947844 -0.34738896 ..., -0.10872791 -0.07356301
   0.19820535]
 [-0.18274038 -0.19854866  0.17640261 ..., -0.17453493  0.03912685
   0.15216186]
 ..., 
 [ 0.05529088 -0.08703103 -0.00132268 ..., -0.14502179  0.04564346
  -0.11210353]
 [-0.07472719 -0.02248347  0.10517283 ..., -0.17685765  0.01320023
   0.08144606]
 [-0.19757866 -0.10665392 -0.13395324 ...,  0.1008423   0.06112408
  -0.02479315]][[-0.13519778 -0.22591836]
 [-0.06745936  0.04050865]
 [-0.07940201 -0.09770509]
 [-0.32531051 -0.11623616]
 [-0.32554877  0.10873561]
 [-0.08300871 -0.26828439]
 [-0.20379776  0.11154642]
 [ 0.06717057 -0.44348272]
 [-0.06581695 -0.19632097]
 [-0.80483423 -0.17251595]
 [-0.07607743 -0.11869377]
 [-0.15522299 -0.08086388]
 [ 0.04113746  0.25804046]
 [-0.09869774 -0.01516618]
 [ 0.17879003 -0.00852498]
 [ 0.09108734  0.31563552]
 [-0.16893298  0.24125891]
 [-0.14256842  0.01383515]
 [ 0.3656384  -0.10669088]
 [-0.05168488  0.20341939]
 [ 0.30547898  0.21172488]
 [-0.02613329  0.12151759]
 [-0.03555543 -0.03834716]
 [-0.3807371   0.37282286]
 [ 0.00258559  0.46006408]
 [ 0.18667414 -0.08997636]
 [ 0.06266106  0.46303466]
 [ 0.26788647  0.34191069]
 [-0.04946063 -0.20531916]
 [-0.15773462  0.07219572]
 [ 0.11666283 -0.10821192]
 [ 0.02600423 -0.23041896]
 [-0.42504429  0.54834797]
 [-0.0315751  -0.10356579]
 [ 0.04412166 -0.01072799]
 [-0.25547614  0.20444754]
 [-0.13678362 -0.24833386]
 [ 0.21352064  0.05849913]
 [ 0.02235462 -0.11429392]
 [-0.28248553  0.41929611]
 [ 0.25766782 -0.01889979]
 [ 0.52043504 -0.31414983]
 [-0.31227687 -0.06631349]
 [-0.03217424 -0.13080172]
 [ 0.44406553  0.30329981]
 [-0.23245999 -0.31070117]
 [ 0.00492364  0.46837161]
 [ 0.05549691  0.28738223]
 [ 0.29087474 -0.21286402]
 [-0.0485082  -0.37907151]]
20[[-0.05330192 -0.04895958  0.05121023 ...,  0.01604506  0.10771504
  -0.01929876]
 [-0.05049002  0.00896213 -0.12265035 ..., -0.03192665  0.01737978
   0.01469219]
 [-0.0176395  -0.02373838  0.04522784 ...,  0.04956047 -0.03639957
  -0.0123956 ]
 ..., 
 [-0.00652552  0.02301563 -0.02417972 ..., -0.01201561  0.01459274
   0.04325968]
 [ 0.11149377 -0.02223142 -0.0208876  ...,  0.0626295   0.0863627
  -0.01537447]
 [-0.00526045  0.06240589 -0.09729814 ...,  0.0820926   0.08446558
  -0.02462915]][[-0.06959667 -0.02723528  0.23637442 ...,  0.29757217  0.03172635
   0.17778714]
 [-0.08102211 -0.07938624 -0.34704066 ..., -0.10861947 -0.07333091
   0.19806251]
 [-0.18251912 -0.19836888  0.17622784 ..., -0.174362    0.03948243
   0.15203334]
 ..., 
 [ 0.05528359 -0.08692538 -0.00130891 ..., -0.14487809  0.04603267
  -0.11196244]
 [-0.07464308 -0.02245773  0.10507522 ..., -0.17668143  0.01317828
   0.08130744]
 [-0.19740245 -0.10659135 -0.13381049 ...,  0.1007341   0.06155086
  -0.02471918]][[-0.13402492 -0.2267301 ]
 [-0.06782904  0.04090527]
 [-0.07868267 -0.09824732]
 [-0.32636249 -0.11474264]
 [-0.32590545  0.1093091 ]
 [-0.08294569 -0.26799612]
 [-0.20558266  0.11342357]
 [ 0.06849486 -0.4444307 ]
 [-0.06573533 -0.19614044]
 [-0.80542633 -0.17094651]
 [-0.07520856 -0.11936787]
 [-0.15510351 -0.08074727]
 [ 0.03998518  0.25889356]
 [-0.09856683 -0.01518323]
 [ 0.18011451 -0.01001972]
 [ 0.09106517  0.31525097]
 [-0.1705583   0.2428119 ]
 [-0.14258919  0.01398465]
 [ 0.36511589 -0.10642731]
 [-0.05191502  0.20349779]
 [ 0.30523747  0.21144919]
 [-0.0259558   0.12124472]
 [-0.03546835 -0.03836033]
 [-0.38220743  0.3743011 ]
 [ 0.00154682  0.4606402 ]
 [ 0.18811792 -0.09151684]
 [ 0.06090536  0.46426467]
 [ 0.26727239  0.34191497]
 [-0.04904535 -0.20547966]
 [-0.15802362  0.07257025]
 [ 0.11676459 -0.10832213]
 [ 0.02616589 -0.2303762 ]
 [-0.42485622  0.5480366 ]
 [-0.0311467  -0.10385905]
 [ 0.04399101 -0.01063073]
 [-0.25691937  0.20594181]
 [-0.13636111 -0.24837125]
 [ 0.21334864  0.05839912]
 [ 0.02249321 -0.11434057]
 [-0.28385627  0.42053003]
 [ 0.25756595 -0.01903669]
 [ 0.52163253 -0.31555361]
 [-0.3123088  -0.06590297]
 [-0.03168891 -0.13112407]
 [ 0.44405764  0.30256034]
 [-0.23229226 -0.31032574]
 [ 0.00454796  0.468274  ]
 [ 0.05544508  0.28709119]
 [ 0.29288114 -0.21494844]
 [-0.04811946 -0.37903267]]
21[[-0.05324861 -0.04891062  0.05115902 ...,  0.01602901  0.10760733
  -0.01927946]
 [-0.05043953  0.00895317 -0.1225277  ..., -0.03189472  0.0173624
   0.0146775 ]
 [-0.01762186 -0.02371465  0.04518262 ...,  0.0495109  -0.03636317
  -0.0123832 ]
 ..., 
 [-0.006519    0.02299261 -0.02415554 ..., -0.01200359  0.01457815
   0.04321642]
 [ 0.11138228 -0.02220919 -0.02086672 ...,  0.06256687  0.08627634
  -0.01535909]
 [-0.00525519  0.06234349 -0.09720084 ...,  0.08201051  0.08438112
  -0.02460452]][[-0.06953784 -0.02720608  0.23613465 ...,  0.29727038  0.03157815
   0.17758295]
 [-0.08092302 -0.07929431 -0.34669254 ..., -0.10851117 -0.07311214
   0.19807218]
 [-0.18229999 -0.19818842  0.17605401 ..., -0.17418913  0.039797    0.1518956 ]
 ..., 
 [ 0.05527318 -0.0868194  -0.00129494 ..., -0.14473448  0.04638256
  -0.11182391]
 [-0.07455647 -0.02242048  0.104978   ..., -0.17650538  0.01315478
   0.08117055]
 [-0.19722708 -0.10652593 -0.13366724 ...,  0.10062622  0.06195936
  -0.02462188]][[ -1.32871202e-01  -2.27523071e-01]
 [ -6.82143576e-02   4.13175176e-02]
 [ -7.79759979e-02  -9.87770610e-02]
 [ -3.27402018e-01  -1.13262002e-01]
 [ -3.26281292e-01   1.09901534e-01]
 [ -8.28733240e-02  -2.67717548e-01]
 [ -2.07297660e-01   1.15230729e-01]
 [  6.98447897e-02  -4.45404694e-01]
 [ -6.56469686e-02  -1.95966929e-01]
 [ -8.06042730e-01  -1.69353733e-01]
 [ -7.43525539e-02  -1.20029300e-01]
 [ -1.54983990e-01  -8.06309358e-02]
 [  3.88382115e-02   2.59741647e-01]
 [ -9.84528690e-02  -1.51834399e-02]
 [  1.81390845e-01  -1.14661548e-02]
 [  9.10400889e-02   3.14869736e-01]
 [ -1.72169917e-01   2.44351265e-01]
 [ -1.42622140e-01   1.41462082e-02]
 [  3.64650959e-01  -1.06221068e-01]
 [ -5.21632556e-02   2.03594447e-01]
 [  3.04981181e-01   2.11188787e-01]
 [ -2.57962181e-02   1.20989852e-01]
 [ -3.53873234e-02  -3.83675312e-02]
 [ -3.83734249e-01   3.75835832e-01]
 [  5.21244322e-04   4.61203586e-01]
 [  1.89534815e-01  -9.30303329e-02]
 [  5.91436811e-02   4.65501178e-01]
 [  2.66641791e-01   3.41936380e-01]
 [ -4.86397081e-02  -2.05630775e-01]
 [ -1.58321742e-01   7.29538274e-02]
 [  1.16859897e-01  -1.08425881e-01]
 [  2.63305387e-02  -2.30336644e-01]
 [ -4.24669072e-01   5.47726274e-01]
 [ -3.07542993e-02  -1.04116448e-01]
 [  4.38624320e-02  -1.05355131e-02]
 [ -2.58373269e-01   2.07446681e-01]
 [ -1.35932459e-01  -2.48415165e-01]
 [  2.13167027e-01   5.83089842e-02]
 [  2.26343901e-02  -1.14389906e-01]
 [ -2.85262286e-01   4.21799376e-01]
 [  2.57484649e-01  -1.91939159e-02]
 [  5.22791791e-01  -3.16918942e-01]
 [ -3.12393014e-01  -6.54405500e-02]
 [ -3.11969272e-02  -1.31453245e-01]
 [  4.44059090e-01   3.01812268e-01]
 [ -2.32115703e-01  -3.09959673e-01]
 [  4.15678261e-03   4.68192356e-01]
 [  5.53927140e-02   2.86801018e-01]
 [  2.94939527e-01  -2.17084751e-01]
 [ -4.77231230e-02  -3.79001858e-01]]
22[[-0.05319536 -0.04886171  0.05110786 ...,  0.01601298  0.10749972
  -0.01926018]
 [-0.05038909  0.00894421 -0.12240517 ..., -0.03186283  0.01734504
   0.01466282]
 [-0.01760424 -0.02369093  0.04513743 ...,  0.04946139 -0.03632681
  -0.01237082]
 ..., 
 [-0.00651248  0.02296962 -0.02413139 ..., -0.01199159  0.01456357
   0.04317321]
 [ 0.1112709  -0.02218698 -0.02084585 ...,  0.0625043   0.08619006
  -0.01534374]
 [-0.00524994  0.06228114 -0.09710364 ...,  0.0819285   0.08429674
  -0.02457992]][[-0.0694861  -0.02718268  0.23589353 ...,  0.29696895  0.03146534
   0.17733625]
 [-0.0808304  -0.0792043  -0.3463444  ..., -0.108403   -0.07272935
   0.19794517]
 [-0.18208433 -0.19800903  0.17588062 ..., -0.17401634  0.0400689
   0.15175206]
 ..., 
 [ 0.05525587 -0.0867151  -0.00128058 ..., -0.14459097  0.04668422
  -0.11168798]
 [-0.07447108 -0.0223838   0.1048809  ..., -0.1763295   0.01313678
   0.0810228 ]
 [-0.19705077 -0.10646119 -0.13352671 ...,  0.10051861  0.06234061
  -0.02451641]][[ -1.31715536e-01  -2.28318344e-01]
 [ -6.86112043e-02   4.17412612e-02]
 [ -7.72656780e-02  -9.93106278e-02]
 [ -3.28410831e-01  -1.11812525e-01]
 [ -3.26673127e-01   1.10509749e-01]
 [ -8.27931101e-02  -2.67447171e-01]
 [ -2.08946287e-01   1.16971423e-01]
 [  7.12628314e-02  -4.46447176e-01]
 [ -6.55503079e-02  -1.95801976e-01]
 [ -8.06664605e-01  -1.67756461e-01]
 [ -7.34697595e-02  -1.20717713e-01]
 [ -1.54864128e-01  -8.05151823e-02]
 [  3.76988407e-02   2.60582437e-01]
 [ -9.83545447e-02  -1.51681279e-02]
 [  1.82631034e-01  -1.28762688e-02]
 [  9.10108433e-02   3.14493072e-01]
 [ -1.73780483e-01   2.45889650e-01]
 [ -1.42665129e-01   1.43176723e-02]
 [  3.64228355e-01  -1.06056893e-01]
 [ -5.24280877e-02   2.03707848e-01]
 [  3.04713718e-01   2.10940081e-01]
 [ -2.56500316e-02   1.20748472e-01]
 [ -3.53081311e-02  -3.83729687e-02]
 [ -3.85280286e-01   3.77389767e-01]
 [ -4.95081716e-04   4.61758188e-01]
 [  1.90940327e-01  -9.45323489e-02]
 [  5.74242962e-02   4.66695918e-01]
 [  2.66050084e-01   3.41919509e-01]
 [ -4.82489221e-02  -2.05767291e-01]
 [ -1.58605725e-01   7.33231790e-02]
 [  1.16974179e-01  -1.08548597e-01]
 [  2.65055734e-02  -2.30307672e-01]
 [ -4.24479580e-01   5.47413725e-01]
 [ -3.03918564e-02  -1.04344020e-01]
 [  4.37355114e-02  -1.04419194e-02]
 [ -2.59819573e-01   2.08943912e-01]
 [ -1.35501547e-01  -2.48461730e-01]
 [  2.12972883e-01   5.82316521e-02]
 [  2.27946327e-02  -1.14458393e-01]
 [ -2.86652975e-01   4.23053529e-01]
 [  2.57423790e-01  -1.93713485e-02]
 [  5.23930382e-01  -3.18263406e-01]
 [ -3.12516934e-01  -6.49387965e-02]
 [ -3.07105081e-02  -1.31777014e-01]
 [  4.44067729e-01   3.01057757e-01]
 [ -2.31935339e-01  -3.09597961e-01]
 [  3.75314982e-03   4.68123639e-01]
 [  5.53397386e-02   2.86511799e-01]
 [  2.97027657e-01  -2.19250736e-01]
 [ -4.73166437e-02  -3.78981612e-01]]
23[[-0.05314217 -0.04881284  0.05105675 ...,  0.01599697  0.10739222
  -0.01924092]
 [-0.05033871  0.00893527 -0.12228276 ..., -0.03183097  0.0173277
   0.01464816]
 [-0.01758663 -0.02366724  0.0450923  ...,  0.04941193 -0.03629048
  -0.01235845]
 ..., 
 [-0.00650597  0.02294665 -0.02410726 ..., -0.0119796   0.01454901
   0.04313003]
 [ 0.11115963 -0.0221648  -0.020825   ...,  0.06244179  0.08610387
  -0.01532839]
 [-0.00524469  0.06221886 -0.09700654 ...,  0.08184657  0.08421244
  -0.02455534]][[-0.0694328  -0.02715833  0.23565176 ...,  0.29666957  0.03131737
   0.17710673]
 [-0.08073942 -0.07911095 -0.34599747 ..., -0.10829457 -0.07266597
   0.19793659]
 [-0.18186031 -0.19782996  0.17570706 ..., -0.17384315  0.04027064
   0.15157508]
 ..., 
 [ 0.05523866 -0.08661072 -0.00126609 ..., -0.14444669  0.04696007
  -0.11155989]
 [-0.07438775 -0.02234533  0.1047832  ..., -0.17615376  0.01311751
   0.08087984]
 [-0.19686819 -0.1063933  -0.13338561 ...,  0.10041686  0.06257166
  -0.02441921]][[-0.13059173 -0.22908211]
 [-0.06903136  0.04218829]
 [-0.07660387 -0.09979586]
 [-0.32941194 -0.11037119]
 [-0.32708347  0.11113626]
 [-0.08270635 -0.26718369]
 [-0.21057764  0.11869475]
 [ 0.07267724 -0.4474864 ]
 [-0.06545387 -0.19563706]
 [-0.80729625 -0.16615039]
 [-0.07261494 -0.12137835]
 [-0.15474429 -0.08039964]
 [ 0.03655192  0.26143107]
 [-0.09827133 -0.01513782]
 [ 0.18381089 -0.01422588]
 [ 0.09097866  0.31411975]
 [-0.17539622  0.24743328]
 [-0.14272751  0.0145084 ]
 [ 0.36384272 -0.10592943]
 [-0.05271136  0.20383984]
 [ 0.30442688  0.21071126]
 [-0.02552065  0.12052399]
 [-0.0352352  -0.03837222]
 [-0.38685055  0.37896792]
 [-0.00149233  0.46229417]
 [ 0.19228623 -0.09597466]
 [ 0.05571271  0.46788338]
 [ 0.26543734  0.34192428]
 [-0.04787295 -0.20588925]
 [-0.15889035  0.07369309]
 [ 0.11707958 -0.10866242]
 [ 0.02667313 -0.23027142]
 [-0.42428829  0.5470995 ]
 [-0.03006629 -0.10453485]
 [ 0.04360979 -0.01034949]
 [-0.26127567  0.21045088]
 [-0.13507576 -0.24850356]
 [ 0.21276403  0.0581693 ]
 [ 0.02295141 -0.11452351]
 [-0.28805521  0.42431936]
 [ 0.25737998 -0.0195656 ]
 [ 0.52502648 -0.31956517]
 [-0.31270447 -0.0643738 ]
 [-0.03024953 -0.1320755 ]
 [ 0.44407537  0.30030499]
 [-0.2317556  -0.30923617]
 [ 0.00333342  0.46807149]
 [ 0.05528635  0.28622333]
 [ 0.29911071 -0.22141157]
 [-0.04690724 -0.37896471]]
24[[-0.05308903 -0.04876403  0.0510057  ...,  0.01598098  0.10728483
  -0.01922168]
 [-0.05028837  0.00892633 -0.12216048 ..., -0.03179914  0.01731037
   0.01463351]
 [-0.01756905 -0.02364357  0.0450472  ...,  0.04936252 -0.03625419
  -0.01234609]
 ..., 
 [-0.00649946  0.02292371 -0.02408315 ..., -0.01196762  0.01453446
   0.0430869 ]
 [ 0.11104847 -0.02214263 -0.02080418 ...,  0.06237935  0.08601777
  -0.01531306]
 [-0.00523944  0.06215664 -0.09690953 ...,  0.08176472  0.08412823
  -0.02453078]][[-0.06938688 -0.0271302   0.23541037 ...,  0.29637058  0.03121624
   0.17684333]
 [-0.08065113 -0.0790065  -0.34564867 ..., -0.10818625 -0.07234181
   0.19782061]
 [-0.18164143 -0.19764606  0.1755346  ..., -0.17367006  0.04047129
   0.15139724]
 ..., 
 [ 0.05522143 -0.08650643 -0.00125131 ..., -0.14430253  0.04720356
  -0.11143177]
 [-0.0743064  -0.02230333  0.10468613 ..., -0.17597817  0.01310488
   0.08073015]
 [-0.19668462 -0.10632138 -0.13324381 ...,  0.10031523  0.06286316
  -0.02435655]][[-0.12947791 -0.22983627]
 [-0.06944693  0.0426307 ]
 [-0.07593954 -0.10028379]
 [-0.33035988 -0.10898347]
 [-0.32748004  0.11174878]
 [-0.08260769 -0.26693246]
 [-0.21208751  0.1202965 ]
 [ 0.07414184 -0.44857619]
 [-0.0653547  -0.19547515]
 [-0.80792752 -0.16454568]
 [-0.07176119 -0.1220381 ]
 [-0.15462444 -0.08028435]
 [ 0.0354428   0.26224221]
 [-0.09819321 -0.01510253]
 [ 0.18497423 -0.0155588 ]
 [ 0.09094358  0.31374973]
 [-0.17697279  0.24893781]
 [-0.14279132  0.01470043]
 [ 0.36349732 -0.10584195]
 [-0.05300051  0.20397786]
 [ 0.30414003  0.21048298]
 [-0.02540218  0.12031052]
 [-0.03516272 -0.03837109]
 [-0.38840901  0.38053427]
 [-0.00243725  0.46277829]
 [ 0.19361375 -0.09739849]
 [ 0.05404219  0.4690303 ]
 [ 0.26481715  0.34193711]
 [-0.04749256 -0.20601588]
 [-0.15917294  0.07406088]
 [ 0.11718467 -0.10877593]
 [ 0.02686253 -0.23025723]
 [-0.42409434  0.54678274]
 [-0.02972887 -0.10473767]
 [ 0.04348459 -0.01025755]
 [-0.26268708  0.21191312]
 [-0.13464411 -0.24855162]
 [ 0.21255456  0.05810783]
 [ 0.02311409 -0.11459462]
 [-0.28946217  0.42559006]
 [ 0.25735434 -0.01977777]
 [ 0.5261218  -0.32086595]
 [-0.31289461 -0.06380658]
 [-0.0297318  -0.13243091]
 [ 0.44410879  0.29952719]
 [-0.23156674 -0.30888403]
 [ 0.00290787  0.46802564]
 [ 0.05523273  0.28593545]
 [ 0.30124488 -0.22362343]
 [-0.04648142 -0.37896467]]
25[[-0.05303594 -0.04871527  0.05095469 ...,  0.01596499  0.10717754
  -0.01920246]
 [-0.05023808  0.00891741 -0.12203832 ..., -0.03176734  0.01729306
   0.01461888]
 [-0.01755148 -0.02361993  0.04500216 ...,  0.04931316 -0.03621794
  -0.01233374]
 ..., 
 [-0.00649296  0.02290078 -0.02405907 ..., -0.01195565  0.01451993
   0.04304382]
 [ 0.11093742 -0.02212049 -0.02078337 ...,  0.06231697  0.08593175
  -0.01529775]
 [-0.0052342   0.06209449 -0.09681262 ...,  0.08168296  0.0840441
  -0.02450625]][[-0.06933762 -0.02710227  0.23516814 ...,  0.29607378  0.03105891
   0.17658045]
 [-0.0805626  -0.07890404 -0.345302   ..., -0.10807806 -0.07196294
   0.19770779]
 [-0.18142483 -0.19746362  0.1753599  ..., -0.17349709  0.04061991
   0.15121586]
 ..., 
 [ 0.0552034  -0.08640441 -0.00123495 ..., -0.14415851  0.04750893
  -0.11130444]
 [-0.07422776 -0.02226165  0.10458916 ..., -0.17580219  0.01306942
   0.08057935]
 [-0.19650001 -0.10624992 -0.13310152 ...,  0.1002142   0.06313688
  -0.02426788]][[-0.1283941  -0.23056076]
 [-0.06987318  0.04308377]
 [-0.07533618 -0.10071092]
 [-0.33129939 -0.10760462]
 [-0.32789358  0.11237804]
 [-0.08250398 -0.26668663]
 [-0.213615    0.12191579]
 [ 0.07558722 -0.44964713]
 [-0.06525831 -0.1953107 ]
 [-0.80856219 -0.16293854]
 [-0.07094199 -0.1226635 ]
 [-0.15450418 -0.08016969]
 [ 0.03432428  0.26306304]
 [-0.09812539 -0.01505706]
 [ 0.18608319 -0.01683717]
 [ 0.09090546  0.31338316]
 [-0.17855124  0.2504443 ]
 [-0.14286159  0.01489879]
 [ 0.36319021 -0.10579249]
 [-0.05330436  0.20413073]
 [ 0.30383952  0.21026887]
 [-0.02529819  0.12011162]
 [-0.03509314 -0.03836714]
 [-0.38996492  0.38209804]
 [-0.00336515  0.46324585]
 [ 0.19489361 -0.09877457]
 [ 0.05238106  0.47016836]
 [ 0.26417273  0.34197478]
 [-0.04711438 -0.20614055]
 [-0.15945883  0.07443188]
 [ 0.1172873  -0.10888697]
 [ 0.02705108 -0.23024238]
 [-0.42389741  0.54646312]
 [-0.0294229  -0.10490917]
 [ 0.04335986 -0.01016605]
 [-0.26409909  0.2133759 ]
 [-0.13421374 -0.2485988 ]
 [ 0.21233814  0.05805359]
 [ 0.02327081 -0.11465985]
 [-0.29086476  0.42685653]
 [ 0.25734445 -0.02000545]
 [ 0.52718909 -0.3221385 ]
 [-0.31313863 -0.06318587]
 [-0.02924936 -0.13275119]
 [ 0.44414568  0.29874667]
 [-0.23137693 -0.3085334 ]
 [ 0.00246969  0.46799288]
 [ 0.05517888  0.28564813]
 [ 0.30336144 -0.22581762]
 [-0.0460533  -0.37896734]]
26[[-0.0529829  -0.04866655  0.05090374 ...,  0.01594903  0.10707036
  -0.01918326]
 [-0.05018784  0.00890849 -0.12191628 ..., -0.03173557  0.01727577
   0.01460426]
 [-0.01753393 -0.02359631  0.04495715 ...,  0.04926384 -0.03618172
  -0.01232141]
 ..., 
 [-0.00648647  0.02287788 -0.02403501 ..., -0.01194369  0.01450541
   0.04300077]
 [ 0.11082648 -0.02209837 -0.02076259 ...,  0.06225466  0.08584582
  -0.01528245]
 [-0.00522897  0.06203239 -0.09671581 ...,  0.08160128  0.08396006
  -0.02448174]][[-0.06928808 -0.02707601  0.2349261  ...,  0.29577811  0.03085135
   0.17635236]
 [-0.08047531 -0.07880319 -0.3449556  ..., -0.10796997 -0.07181467
   0.19768564]
 [-0.18120735 -0.19728354  0.17518695 ..., -0.17332424  0.04072084
   0.1510386 ]
 ..., 
 [ 0.05518476 -0.08630307 -0.00121819 ..., -0.14401461  0.04781357
  -0.11117396]
 [-0.07415018 -0.02221998  0.10449264 ..., -0.17562639  0.01303048
   0.08043385]
 [-0.19631302 -0.1061804  -0.13295777 ...,  0.1001133   0.06332968
  -0.02417083]][[-0.12732503 -0.23127087]
 [-0.07028797  0.04352534]
 [-0.07472357 -0.10114748]
 [-0.33221069 -0.10625441]
 [-0.32830134  0.11300132]
 [-0.08239005 -0.26645137]
 [-0.21505574  0.12344822]
 [ 0.07707747 -0.45076333]
 [-0.06515311 -0.19515534]
 [-0.8091903  -0.16133892]
 [-0.07013223 -0.12327966]
 [-0.15438304 -0.08005617]
 [ 0.03322484  0.2638651 ]
 [-0.09805839 -0.01501087]
 [ 0.18718537 -0.01810861]
 [ 0.09086451  0.31301982]
 [-0.18009659  0.25191775]
 [-0.14292168  0.01508684]
 [ 0.36293129 -0.10579096]
 [-0.05361191  0.20428746]
 [ 0.30354238  0.2100519 ]
 [-0.02519991  0.11991852]
 [-0.03502203 -0.03836479]
 [-0.39148733  0.38362833]
 [-0.00425945  0.46368027]
 [ 0.19616256 -0.10013963]
 [ 0.05077594  0.47125093]
 [ 0.26354085  0.34200051]
 [-0.04673476 -0.20626691]
 [-0.1597349   0.07479298]
 [ 0.11740748 -0.10901555]
 [ 0.0272637  -0.23025181]
 [-0.42369605  0.5461392 ]
 [-0.02910471 -0.10509303]
 [ 0.04323668 -0.01007606]
 [-0.26546873  0.21479626]
 [-0.13377834 -0.24865138]
 [ 0.2121233   0.05799804]
 [ 0.02343651 -0.11473416]
 [-0.29222733  0.4280831 ]
 [ 0.2573557  -0.02025404]
 [ 0.5282762  -0.32343066]
 [-0.31339705 -0.06255112]
 [-0.02874813 -0.13309041]
 [ 0.44419981  0.29794964]
 [-0.23118076 -0.30818965]
 [ 0.00202816  0.46796395]
 [ 0.05512485  0.28536133]
 [ 0.30552607 -0.22805979]
 [-0.04561124 -0.37898438]]
27[[-0.05292992 -0.04861789  0.05085283 ...,  0.01593308  0.10696329
  -0.01916408]
 [-0.05013765  0.00889958 -0.12179436 ..., -0.03170383  0.01725849
   0.01458965]
 [-0.01751639 -0.02357271  0.0449122  ...,  0.04921458 -0.03614554
  -0.01230909]
 ..., 
 [-0.00647998  0.022855   -0.02401097 ..., -0.01193175  0.0144909
   0.04295777]
 [ 0.11071565 -0.02207627 -0.02074183 ...,  0.0621924   0.08575997
  -0.01526717]
 [-0.00522374  0.06197036 -0.0966191  ...,  0.08151967  0.0838761
  -0.02445726]][[-0.06923728 -0.02705086  0.23468507 ...,  0.29548269  0.03066294
   0.17609848]
 [-0.08038905 -0.07870405 -0.34461035 ..., -0.107862   -0.07145012
   0.19757897]
 [-0.18100359 -0.1971055   0.17501477 ..., -0.17315152  0.0408137
   0.15086082]
 ..., 
 [ 0.05516492 -0.0862025  -0.00120239 ..., -0.14387084  0.04808656
  -0.11104455]
 [-0.07407158 -0.02217932  0.10439636 ..., -0.17545076  0.01299562
   0.08029013]
 [-0.19613592 -0.10611166 -0.13281583 ...,  0.10001252  0.06360318
  -0.02407124]][[-0.12624483 -0.23199248]
 [-0.07068955  0.04395369]
 [-0.07409058 -0.1016046 ]
 [-0.33308445 -0.10494219]
 [-0.32870307  0.11361835]
 [-0.08226878 -0.2662238 ]
 [-0.21643158  0.12491567]
 [ 0.07864846 -0.45196063]
 [-0.06503867 -0.19500947]
 [-0.80981786 -0.15974084]
 [-0.06929606 -0.12392241]
 [-0.15426106 -0.07994371]
 [ 0.0321439   0.26464895]
 [-0.09799418 -0.01496201]
 [ 0.18829535 -0.01938766]
 [ 0.09081997  0.31266047]
 [-0.18161218  0.25336152]
 [-0.14297602  0.01526902]
 [ 0.36271567 -0.10583249]
 [-0.05392234  0.20444721]
 [ 0.30325233  0.20982835]
 [-0.02510814  0.11973204]
 [-0.03494304 -0.0383704 ]
 [-0.39297207  0.38512093]
 [-0.00512495  0.46408635]
 [ 0.19744727 -0.10152037]
 [ 0.04923781  0.47226704]
 [ 0.2629581   0.34197772]
 [-0.04635414 -0.20639453]
 [-0.15998974  0.07513275]
 [ 0.11756749 -0.10918396]
 [ 0.02749278 -0.23027791]
 [-0.42349105  0.54581175]
 [-0.02877837 -0.10528517]
 [ 0.04311623 -0.00998877]
 [-0.26679488  0.21617309]
 [-0.13333551 -0.24871179]
 [ 0.2119129   0.05793832]
 [ 0.02362158 -0.11482793]
 [-0.29353481  0.42925472]
 [ 0.25738383 -0.02051927]
 [ 0.52940842 -0.32476773]
 [-0.31366892 -0.0619033 ]
 [-0.02823156 -0.13344514]
 [ 0.44428016  0.29712715]
 [-0.23097828 -0.30785277]
 [ 0.00158174  0.46794038]
 [ 0.05507074  0.28507496]
 [ 0.30773112 -0.23034231]
 [-0.04515223 -0.3790188 ]]
28[[-0.05287699 -0.04856927  0.05080198 ...,  0.01591715  0.10685633
  -0.01914491]
 [-0.05008751  0.00889068 -0.12167257 ..., -0.03167213  0.01724123
   0.01457506]
 [-0.01749888 -0.02354914  0.04486729 ...,  0.04916537 -0.03610939
  -0.01229678]
 ..., 
 [-0.0064735   0.02283215 -0.02398696 ..., -0.01191982  0.01447641
   0.04291481]
 [ 0.11060494 -0.02205419 -0.02072109 ...,  0.06213021  0.08567421
  -0.0152519 ]
 [-0.00521852  0.06190839 -0.09652248 ...,  0.08143815  0.08379222
  -0.02443281]][[-0.06918674 -0.0270268   0.2344456  ...,  0.29518753  0.03046154
   0.17586551]
 [-0.08030406 -0.07860749 -0.34426485 ..., -0.10775415 -0.07105458
   0.19753122]
 [-0.18079471 -0.19693017  0.17484494 ..., -0.17297893  0.04088704
   0.15066934]
 ..., 
 [ 0.05514527 -0.08610614 -0.00118644 ..., -0.1437272   0.04833529
  -0.11091617]
 [-0.07399217 -0.02214005  0.10430028 ..., -0.17527531  0.01296602
   0.08015015]
 [-0.19595876 -0.10604399 -0.13267344 ...,  0.09991187  0.06386837
  -0.02401296]][[-0.12518264 -0.23269643]
 [-0.07108688  0.04437775]
 [-0.0734646  -0.10205489]
 [-0.33393409 -0.10365452]
 [-0.32910544  0.1142358 ]
 [-0.08214077 -0.26600332]
 [-0.21774888  0.12632448]
 [ 0.08022953 -0.45316839]
 [-0.06491841 -0.19486967]
 [-0.81043926 -0.15814987]
 [-0.06847716 -0.1245481 ]
 [-0.15413885 -0.07983171]
 [ 0.0310745   0.26542156]
 [-0.09793477 -0.01490846]
 [ 0.18938683 -0.02064805]
 [ 0.09077227  0.31230469]
 [-0.18309761  0.2547752 ]
 [-0.14302771  0.01544842]
 [ 0.36253765 -0.10591135]
 [-0.05423925  0.20461359]
 [ 0.30296214  0.20960546]
 [-0.02502424  0.11955351]
 [-0.03486518 -0.03837493]
 [-0.39443725  0.38659396]
 [-0.00596461  0.46446705]
 [ 0.19870522 -0.10287425]
 [ 0.04774117  0.47324217]
 [ 0.26237707  0.34195381]
 [-0.04597684 -0.20651908]
 [-0.16024079  0.07546866]
 [ 0.11773738 -0.10936222]
 [ 0.02773021 -0.23031255]
 [-0.4232821   0.54548048]
 [-0.02844997 -0.10547951]
 [ 0.04299639 -0.00990206]
 [-0.26808925  0.21751808]
 [-0.13289393 -0.24877132]
 [ 0.2117043   0.05787707]
 [ 0.02380343 -0.11491858]
 [-0.29482509  0.43040929]
 [ 0.25742298 -0.02079529]
 [ 0.53052427 -0.32608821]
 [-0.31395477 -0.06124188]
 [-0.02771347 -0.13380156]
 [ 0.44437165  0.29629424]
 [-0.2307714  -0.30752082]
 [ 0.00113122  0.46792138]
 [ 0.05501648  0.28478907]
 [ 0.30993898 -0.23262755]
 [-0.04468476 -0.37906209]]
29[[-0.05282411 -0.0485207   0.05075118 ...,  0.01590123  0.10674947
  -0.01912577]
 [-0.05003743  0.00888179 -0.1215509  ..., -0.03164046  0.01722399
   0.01456049]
 [-0.01748138 -0.02352559  0.04482242 ...,  0.0491162  -0.03607328
  -0.01228448]
 ..., 
 [-0.00646703  0.02280932 -0.02396298 ..., -0.0119079   0.01446193
   0.0428719 ]
 [ 0.11049433 -0.02203214 -0.02070037 ...,  0.06206808  0.08558854
  -0.01523665]
 [-0.0052133   0.06184648 -0.09642595 ...,  0.08135672  0.08370843
  -0.02440837]][[-0.06913531 -0.02700364  0.23420451 ...,  0.29489262  0.03021806
   0.17560778]
 [-0.08022082 -0.07851108 -0.34391992 ..., -0.1076464  -0.07090572
   0.19741973]
 [-0.18058906 -0.19675719  0.17467347 ..., -0.17280648  0.04091087
   0.15048081]
 ..., 
 [ 0.0551234  -0.08601082 -0.00117086 ..., -0.1435837   0.04854107
  -0.1107744 ]
 [-0.07391264 -0.02210155  0.10420344 ..., -0.17510004  0.012913
   0.08001009]
 [-0.19578335 -0.10597714 -0.1325306  ...,  0.09981135  0.06402958
  -0.02392631]][[ -1.24136824e-01  -2.33384366e-01]
 [ -7.14839638e-02   4.48015470e-02]
 [ -7.28718797e-02  -1.02472094e-01]
 [ -3.34776018e-01  -1.02375004e-01]
 [ -3.29515097e-01   1.14860331e-01]
 [ -8.20106189e-02  -2.65785323e-01]
 [ -2.19075159e-01   1.27742191e-01]
 [  8.18166024e-02  -4.54382522e-01]
 [ -6.47939997e-02  -1.94734298e-01]
 [ -8.11058261e-01  -1.56562286e-01]
 [ -6.76847426e-02  -1.25147489e-01]
 [ -1.54016618e-01  -7.97199728e-02]
 [  2.99965409e-02   2.66203022e-01]
 [ -9.78829138e-02  -1.48474802e-02]
 [  1.90451053e-01  -2.18810126e-02]
 [  9.07205418e-02   3.11953347e-01]
 [ -1.84579502e-01   2.56185417e-01]
 [ -1.43081435e-01   1.56297199e-02]
 [  3.62396798e-01  -1.06027124e-01]
 [ -5.45658518e-02   2.04789826e-01]
 [  3.02671056e-01   2.09383977e-01]
 [ -2.49490222e-02   1.19383767e-01]
 [ -3.47903415e-02  -3.83765353e-02]
 [ -3.95894519e-01   3.88059068e-01]
 [ -6.79449697e-03   4.64838431e-01]
 [  1.99931358e-01  -1.04196214e-01]
 [  4.62719859e-02   4.74190375e-01]
 [  2.61802534e-01   3.41924018e-01]
 [ -4.56062408e-02  -2.06637184e-01]
 [ -1.60487343e-01   7.57999864e-02]
 [  1.17919721e-01  -1.09552942e-01]
 [  2.79695621e-02  -2.30349319e-01]
 [ -4.23069710e-01   5.45145893e-01]
 [ -2.81266231e-02  -1.05668927e-01]
 [  4.28778831e-02  -9.81664822e-03]
 [ -2.69366919e-01   2.18846321e-01]
 [ -1.32453861e-01  -2.48829723e-01]
 [  2.11497454e-01   5.78143345e-02]
 [  2.39837928e-02  -1.15007829e-01]
 [ -2.96093433e-01   4.31542043e-01]
 [  2.57473740e-01  -2.10826747e-02]
 [  5.31629423e-01  -3.27397804e-01]
 [ -3.14270885e-01  -6.05505685e-02]
 [ -2.72169217e-02  -1.34136594e-01]
 [  4.44471556e-01   2.95453673e-01]
 [ -2.30564086e-01  -3.07189834e-01]
 [  6.73702314e-04   4.67909842e-01]
 [  5.49621600e-02   2.84503584e-01]
 [  3.12137447e-01  -2.34903334e-01]
 [ -4.42148014e-02  -3.79108304e-01]]
